-0.607963572331136	2.96970054973162	12.6172142433195	-1.52411890453329	-0.750393955979863	-1.07183174619490	0.353879472014610	-5.43835988131959	4.45916441071468	-0.425369946432542	5.11224872187041	-0.899731452677880	2.11984430843782	0.707261984428162	4.08608333723544	2.21684534198477	6.34521340071206	0.657031970232370	5.76181661015931	5.32030350593595	-1.73245580423228	-0.0361595362822533	-5.56383423353817	-0.0428382323824640	6.96455721476084	0.556470223280527	-1.20184920176183	0.441102217188412	2.02126190922423	-0.870025670111534	0.814404699729074	2.27829252087091	4.33118285139142	-0.840207946222591	1.73008401208561	-0.474983824093300	0.334529812895326	0.138963406291956	0.0634868954870095	0.535368499655262	-0.271540267841894	0.228110646093802	0.0628039676757626	0.345333151410107	-0.0149395743476896	0.0736554665268443	-0.0220181015377373	-0.0247480563884558	-0.0408265204867239	0.0224240740398900	0.0225737879561858	-0.0178077121793887	0.00687591131772638	0.00138703468118853	0.0188337553015873	0.00387640151364805	-0.00501029801007428	0.00828176318088020	0.0178537566220278	-0.00928193072527673	0.00631577623290027	0.00207971565862619	-0.0166020670000966	-0.000720574906800929	-0.00811017674051586	0.00461500674449570	-0.00804484891767855	-0.0202680346605840	-0.00196602039800448	0.0118113997585195	-0.0115513777831876	-0.00637900329091891	-0.00588054255428954	0.00496068116282995	0.00545912232421243	0.00582635499717418	0.0121927361936984	0.0223938289823620	-0.0165935704704998	-0.0194196926557867	0.00422971624947022	0.0120725331483807	-0.00291000590366675	0.000441744602476302	0.0112154624921298	0.00541354255250107	0.00227121759968098	-0.000295051031305879	0.000959848014216296	0.00136849277819648	-0.0117177572884122	0.00189827908893746	-5.70054265359762e-06	-7.53013591476292e-05	0.00251186738177477	0.00703878112773203	-0.000390093992520947	0.000949679454823502	0.00155689414422217	0.00978877956025134	-0.00271225344883959	-0.000477547079951280	-0.0120719047692656	0.00294825254127343	0.000669052099748526	-0.0104731686923365	0.00417179386923821	0.00101148293789086	0.00195620817451033	0.00305378515138127	0.00138545474431437	0.00111180684602366	0.00364999814047610	0.00260183278794236	-0.00743701276026850	-0.000411192940292516	-0.000728952839907443	0.00224245195311786	-0.000792477698896065	0.000303278633712500
-0.628946054897677	3.22999618463520	13.6699991645982	-1.61824735375577	-0.860702968572056	-1.04689141563367	0.424611712683579	-4.72468638983928	4.30023561131764	-0.216117600409311	5.43445341741483	-0.903512521042189	2.47770198993069	0.756242959864535	4.43638648451842	2.16707932291913	6.78562551488133	0.619756129557559	6.37035344265823	5.51502438368435	-1.28234579469582	-1.47492728373525	-5.42758934253394	-0.0707327742344661	1.61206590819206	3.34303682500954	-2.40790276465758	2.30718279018527	1.83211543572651	0.126580226399132	-1.30525754068473	4.44459502198610	-1.77498127340556	0.709625526622331	-0.406091322698231	0.208971567958383	-0.415007914975739	0.265776765997926	-0.135864475483843	0.421427714499803	0.628976036167284	0.0512611516553532	0.00305407969630703	0.0187743206756098	-0.0398064377063168	0.0537779823805339	0.0102516840205999	-0.00318404544929411	-0.0481269698058214	-0.00863045491344751	-0.00788560903129629	0.0213525800985872	-0.00921170662212636	-0.00367599948349669	0.00935921869674276	-0.00541129895581829	-0.0120885756996520	-0.00383986117142181	0.00718525967185999	0.00550352799880241	0.00282878691626948	0.00878804130923430	-0.000913459543168388	0.0215205160250228	-0.000205239776180011	-0.0126005751029146	0.0246036466250011	-0.00641067031465506	0.00220907824306014	-0.00605909343735314	0.00904068776257840	-0.00489213687563376	-0.00112367435707085	-0.0135027600293112	0.00382832848728361	-0.00517004836282975	0.00609635409376247	-0.00283107006791138	0.00737991485502680	0.00431310665326073	0.0130675708010045	-0.00636102918655386	-0.00156355766629764	-0.00686457065000785	0.00985198074078974	-0.00310904368293702	-0.00142673493635623	0.00824946665357115	0.00564077575024164	0.00704422866758603	0.00181116963682563	-0.00539828140501754	-0.00637290827155921	-0.000295102092017310	0.00220741298692621	0.00193687315567047	-0.00222142184087108	-0.00316562645661558	0.000420726508806737	0.00184717816877229	0.00143304103381997	-0.00168022929090164	-0.00302780066690383	-0.00226619286260618	-0.00492387977653967	0.00230591828119350	0.000950018718230704	0.00249374044163675	0.000723838319936981	-0.000519339019124920	-0.00239147946115610	0.00183707226114015	-0.00129377883354970	0.00382043610881142	5.46811309596037e-05	-0.000661098833885918	0.00146852091394314	0.000349729530524448	0.00215471891845859	2.73527602849617e-05
-0.470555560111140	3.46891130881094	14.5981151239226	-1.74703749696494	-0.889129377817284	-1.16495661653105	0.566282180052311	-3.94111012122891	4.01664659248217	0.0862045284246470	5.56721292025669	-0.927654131325993	2.75522881663541	0.914791189769770	4.52719770002912	2.01282123161829	7.10014751562286	0.588562056350801	7.07124861920195	5.56527616312146	-0.978256671111465	-2.44432960857014	-4.80265853668316	-0.219079819617453	-1.36601255180041	2.02622902709524	1.62327319035718	5.72532959445845	3.59141801239343	0.595311867384563	-0.205261730416520	-2.57172052493627	-2.32322492539088	0.202549337827390	-1.14421516569575	0.120025000687744	-0.711376564384683	-0.196883797103003	-0.591296603436278	-0.932614439325196	-0.0264917221459299	-0.0426419603751703	0.0644069066875983	-0.0854232070075789	0.00833326055167924	0.0350054828882689	0.0342771391319897	-0.0291754671209768	0.0128173458719210	0.0186126931867057	-0.0509819097111496	0.0373143867612841	0.00174083405915224	0.00750418614618736	-0.00444254507545806	0.00546051491813279	0.0171170984824226	0.00208322728470091	0.0104356017508457	0.00503244160264847	-0.000592297281995105	0.0191290072128578	-0.00309498119254608	-0.00123350856059317	0.00135215892539220	-0.00557875510765885	0.00766949656698650	-0.00473230128489007	-0.00192640314942019	-0.00561869739798675	0.00178469345530475	-0.00328279740525605	0.00367262113489927	-0.00382159068130463	0.00124567859712406	0.00102075701001279	0.00233153694714521	0.00241192687057874	0.000640489189564915	-0.000590061993664231	-0.00138079750505658	-0.00190273267476496	-0.00176175576638931	0.000235429723026275	0.00399384472128161	-0.000548129635152108	0.00161366118762069	0.00546786811268359	-0.00263835787754944	0.00227169791256033	0.00238810718380446	-0.00252298746758123	-0.00232019316954288	0.00131964400865394	0.00151377123857445	-0.000757089332569320	-0.000109577987411362	-0.00292088756049681	0.00280691009967077	0.000135960185351809	0.00196781768032775	-0.00178083088443833	-0.00395656859848357	0.000791258385077657	-0.00254693065731831	-0.00392444292304883	0.00334189797902508	-0.000259799557499908	0.00224573440573834	0.00167339713335237	-0.00216531675097536	0.000480974972974237	0.00174570601184594	0.00224612070913322	-0.000939276086313138	0.00251120033769863	-0.00138101762344902	0.000713953697433956	-0.00202464810098809	0.00132672784898154
-0.198822264496933	3.71238049277183	15.8283228220835	-1.77374828962913	-1.07779729218649	-1.31079762144118	0.699499736253815	-3.13674783231320	3.67891241086357	0.606384515668734	5.59022790732691	-0.782903560936007	2.85848022935381	0.940594633213215	4.50455178804263	1.68332616066587	6.96944197628824	0.510921487990182	7.32811409302961	5.11922387772092	-0.613834335109181	-3.49717739311658	-3.21632689268695	-0.446552275959781	-7.98624731613223	3.84041843209890	-2.04127139595693	2.03637103372786	-2.04336733554944	1.18784089513435	0.00783857309667982	-4.01648954720824	1.32269320393751	0.233881623454076	-2.18342757314304	0.495348600779567	0.459700638738680	-0.609673478854506	0.842976319078360	-0.0856922376129845	-0.657991375169389	0.00277253563791942	0.200456960761219	-0.0718753551048735	0.0808033762463963	0.0111330599422691	-0.0169677716449793	-0.0444478420944778	0.0205619034945787	-0.0190339311458755	-0.0112747365402708	0.00454100292059732	-0.0206967605147275	-0.0203708607080780	0.0153411954840239	0.00145960140672488	-0.00399031720433242	0.0139473434591042	0.0109098831789167	-0.00492965205351589	0.0113842158199459	0.0131098382982445	0.000978735147003572	-0.00106036238588094	0.00293437208666248	-0.00666104776751557	0.00333234190201650	-0.00402671295268910	0.00436690514376734	-0.00605083714922834	-0.00781404617407878	-0.00635841049480931	0.0119784948120431	0.00202072150265659	0.00233972970014725	0.00972937355886848	-0.000819442254638795	-0.00332456235055288	0.00207849969709960	-0.00257611463315524	-0.00703182487660690	0.00433873401051580	-0.00320897953832342	-8.17448788677394e-06	0.00448300225216758	-0.00442934990225042	0.00681704423707910	0.00481171776609009	-0.00368452764859884	0.00109759394617703	0.00464400497412198	0.000675186487275958	-0.00753610256140282	0.00169907016272767	0.00116879703516940	-0.00160551005617630	-0.00170706014666274	-0.00161640198217632	0.00327344987446781	-0.000323270381026423	0.00463150278103792	-0.00379224992991715	0.00252719405322072	0.00198341974650392	-0.00272105218969109	-0.00143990132589951	0.00262627597767195	-0.00134423001101280	-0.000860523895196682	-0.00182759505592097	-0.00446231945513178	-0.000401772536549732	0.00238554467344328	0.00424292822046197	0.00140807067143429	0.000270658322221627	-0.00211112932531086	0.000987219638522611	-0.000981086661252067	-0.000249180282599878
-0.0183037205037005	4.36413086392418	18.2514055632740	-1.86653797793674	-1.30974016544880	-1.29360967403346	0.561935841243389	-2.85290927459246	3.40172054378718	0.629400641713681	5.53015340563010	-0.491631489519925	2.81282513267607	1.33223082885432	4.15901003254828	1.28145791243196	6.02660115599251	0.384873056144876	6.46552502423493	2.63147952107553	0.131124873326160	-3.25130869934007	2.35236854707277	-0.691114873704635	-9.53325872600167	-2.69986304812298	5.79918755561041	3.13089528171517	-3.29517419478533	2.25258776988586	-0.812996413257636	1.83090772029265	2.81393837423475	1.65504660264416	-1.68085196770704	-2.38694395013163	0.352108520262854	-1.06669162171002	-0.112483791525449	0.937275666932372	-0.117825447244651	0.113909452341260	0.353380425321045	-0.0748921119639093	-0.00272760636103843	-0.0248374169243630	0.0387326876753335	-0.0450555199030835	0.0110732299825498	-0.00768975650044655	-0.0258082546444356	0.0402956968076756	-0.0254030799514285	-0.0190655593304329	0.0169913756077909	0.00984669833714409	0.000792024780692729	0.0196205414965663	0.0353422169575601	-0.0120149288577709	0.0251186768907541	0.0164626038574196	0.000405280291188985	0.00781959914461075	0.0112126558711921	-0.0141608298058277	0.0173379838332786	-0.00648553253753938	-0.00589115369404618	0.00336732632993294	-0.00677314982638654	-0.00627409237782260	0.00307012491362484	0.00695226038239108	0.00524959900359024	0.0131678849146998	-0.00407774862788151	-0.00578789588787673	2.19364998751367e-05	0.000429373456026432	-0.00468093273018736	-0.00327020657130872	-0.00813346428007538	-0.00895876692104881	0.00746981426308931	-0.000492992775870551	0.00897819108983864	0.00609471011648503	0.000932926259589132	0.00158718878658011	0.00235516490354099	-0.00398487877323429	-0.00979932629382619	0.00127098477333781	0.00379728645195989	-0.00590209743831305	-0.00252728163448139	-0.00323440861262351	0.000745117069835603	0.00251488067980375	-0.00368166137528021	-0.000700668965178971	0.00210850235101705	0.000270242051768377	-0.000218920497586946	0.00104266687952367	-0.00358359001350715	0.00143851951205025	-0.000946153730174222	-0.00191972872536632	-0.00266032243364722	0.00172470451278811	0.00252579886941970	0.00752455898362836	0.00577757723466088	0.000748838483855675	-0.000220726128675331	-0.000721295808059359	0.000762378548834768	0.00119632661084187
-0.236119487465617	5.11363521941987	20.4614392690389	-1.62951391456716	-1.42944029963709	-1.41668322872810	0.281521391844879	-3.90892533102141	3.68712092359668	0.155859566482763	5.95955637475016	-0.727360438239380	2.74077018955923	1.34505554240246	4.17612289164090	0.932279371999072	4.77601893672485	0.401729209440967	4.38511531107708	-0.908716543315347	1.07141851327432	-2.05207109160719	7.65866854375233	0.165080651484207	-8.10385713340040	-0.100055522686451	0.705160438178374	-3.36642345407752	8.14185472483804	0.911328153687179	2.27799895712478	1.10923694800393	1.97792735546459	4.37452032384731	-1.06488922676101	-1.46286615152506	2.68446499658564	-0.444796337801476	-1.48111976249738	0.467732177734426	0.301216821397551	0.213194770468007	0.426485947428876	-0.0631463208846458	0.0729032755451066	-0.0713338547232379	0.0133674389446769	-0.0828447135725610	0.0119810667549969	-0.0327485872262878	-0.0573152696606840	0.0899636701020965	-0.0151393070989019	0.00196295822033016	0.0283224994855541	0.00956974728170288	0.00152818072461100	-3.76046422453052e-05	0.0471353785872713	-0.00805385207469372	0.0428560188393139	0.0378264689246526	0.0128209238875256	0.00785985478411215	0.0184095230762325	-0.0190612061228467	0.0289598666380685	-0.00768690072668305	-0.0184635142462213	0.00837059637415354	-0.00328789016932645	-0.00471731946322669	0.000683055710617868	0.0144477957785659	0.0127930653893139	0.0181109214227402	-0.00534811071064240	-0.00510240159596945	-0.00612069211893377	-0.000265850124445367	-0.0108200848346014	-0.00829312788703534	-0.0130018593432321	-0.00550837621515150	0.00735549592529774	-0.00469128377060620	0.0138583657172838	0.00774324410952912	-0.00626469712714798	-0.00543090146474853	0.00677190795694401	-0.00450661960886586	-0.00834445115979259	-0.00469572218985842	-0.00375640966655505	-0.00909748427240818	-0.00615375903147637	-0.0101672427009645	-0.000992175233080658	0.00200966127310285	-0.00852812866211673	-0.00201595873356096	-0.00167690786935482	0.00516155111184851	-0.00376678419353712	0.00115682913806818	-0.00138078389169364	0.00267668401787970	0.000336615247192694	-0.00505006877495659	0.000385561165171472	0.000633113773545168	0.000882891817407711	0.0101381615600130	0.00790462854828350	-0.00397131556093164	-0.00166729256561396	0.00381126411541862	0.00385932965719550	-0.00269362924900549
-0.389450300498580	6.39360736245142	24.5457367165564	-1.24695143802626	-1.49043801340681	-1.71206202442509	0.346243618938396	-4.86493168397767	4.75555309186306	-1.20789553518497	6.52010149896791	-0.276302890497525	2.98176953373878	1.10650758666074	4.51959410686530	0.928521582135163	4.17482173485553	0.0405343174731661	2.64314743990630	-5.65061940794138	1.79867812431856	-1.25909815464869	12.5509584347754	0.408538037516945	-0.0702182281276692	5.41955792520621	-3.73112515917316	9.45093702787497	-1.15828572495041	1.25305804445000	4.87737729222554	-0.423355667843829	1.05550893643909	5.23749460946296	0.579209411622474	-2.28378699158852	2.77876653128047	1.97712405860581	0.0831439446662702	-0.766115013873355	0.571243898238579	0.357153066038355	0.501099388952408	0.0123615348244356	0.0321629466378824	-0.0965823629696083	-0.0423925344752189	-0.0837165126340724	0.0315607762410627	-0.100737123195412	-0.103207199631024	0.141529600336170	0.0237776502098622	0.0411112189646170	0.00724801121262942	-0.0186388768748759	-0.0217852559673464	-0.0159255822451043	0.0355476196759611	-0.00949651860854907	0.0651079061709307	0.0641442269738225	0.0120660647186511	-0.0189274759946751	0.0157462740439868	-0.0265792344703872	0.0275176715264835	-0.00746198088432827	-0.0229670945644940	0.0104957068721924	-0.0187721734269996	-0.0150535194714930	0.00777064209955362	0.0205932126267570	0.0116073469310545	0.0271984817733123	-0.00597229303146680	-0.0136270329347826	-0.00160456095198561	0.000583531056191174	0.00494835877897967	-0.00520218247815783	-0.0149197094820079	-0.00842422890648253	0.00980497202508426	-0.00795914948937415	0.0237753484337891	0.0217522158764180	-0.00730265178481855	-0.00222624326754310	0.00234000102604301	-0.000672052907988074	-0.00297233115299739	-0.00588922630349953	-0.0107675034225120	-0.00621364224732568	0.00177272712587592	-0.0133248337539443	-0.00167645826935727	0.00248550196320591	-0.000382767526413661	-0.0144259396045272	-0.00757282062409902	0.00154812404226675	-0.00604072986362216	0.00903952248585550	-8.39349072662574e-05	0.00110915759438355	0.00902051426357288	-0.00101221266987368	0.00249735874620601	0.000986531746731261	-0.00586628954948426	0.0111972508554753	0.0102047170346234	-0.00774373551380138	0.00130304765778229	0.00881765917829879	-0.00265761074745984	0.00493821613090587
-1.29290747927833	8.26494973844563	30.4251085777537	-2.68114253607279	-2.96097325596176	-2.76464628548981	1.00142929006396	-6.91469498566909	5.84050283102405	-0.294348731134491	8.58030185086351	-0.473414437993271	3.14591307425483	-0.404014556059244	4.63322121364306	1.07938527548638	4.96118417336315	0.690608629093019	1.04195866696060	-20.6408180674669	5.44274796709746	-1.65170031663297	-12.4572784622052	0.400708883684535	-8.97196504131755	-1.52664583029942	-0.0963592146357494	4.66461396913429	-0.269798149000855	1.77222655092315	6.16646711301270	0.936071628671642	1.33317509884364	7.07786967758749	4.04123558577005	-0.0700388627805303	0.274436879540122	-0.0295977976364510	1.09967213714086	-1.05401347542726	0.782000882690443	0.586565944479508	0.601638809420216	0.0355803846390865	0.0712465952913704	-0.119436681603735	-0.0496651042781636	-0.0866241113747715	0.0437549868420075	-0.153270199042362	-0.169805339872222	0.200108049060532	0.0616472102589907	0.0250230436452678	-0.0305649069646406	-0.0376550177874579	-0.0733960061834075	-0.0402360925623231	0.00680145902535380	-0.0592161738144713	0.0436120853068256	0.0640014023020829	-0.0380186620826705	-0.0269427842524216	-0.0202799338583774	-0.0151696198508636	0.00977009915199115	0.00487333917953756	-0.0243302359988754	0.0253291067341216	-0.0161284857492538	-0.0120187882275618	0.0140488438293146	0.0188316615895796	0.0389547539624861	0.0345723771485375	0.00870775575083308	-0.00246588697194342	-0.00364557072917916	0.0232918428784017	-0.00239545960668737	-0.0225476617074242	-0.00237776448610108	-0.0103834232250593	0.0149703478698261	-0.0256494584053631	0.0380548875779240	0.0186049563862811	0.00601523442250155	-0.00825219029488556	0.00717397944070361	-0.0108833092280864	-0.00909638750168841	-0.00427273392893442	-0.000615230688205218	-0.0198134443543277	0.00219394312652990	-0.0161246867457171	-0.000398026898025027	0.00923069673230112	-0.00494003626005197	-0.0146088618288501	-0.00773797540204760	0.00401512751243411	-0.00370305597776311	0.00280129756824180	0.00160445890370184	0.00836376451278125	0.0183215654525474	0.00123124887068237	0.00148527452270360	0.00905228440221248	-0.00838926656188521	0.0122903911564930	0.0111421884851524	-0.00911677312058580	-0.00427206141590755	0.00522519638226602	-0.00240651874780609	0.00314292636778589
-2.22002620004263	11.2140974357602	40.6367038236553	-3.18771264909338	-2.97992038181060	-3.34095372369374	-1.16466435030536	-8.16844491417708	7.75014241980641	-0.205772031762581	9.33696644245869	-2.25435929602882	3.03373901521185	-1.10242832103631	1.59791155404738	-0.522773483902066	14.4910694213817	-2.29913810021965	-26.5254114328792	15.7099007312907	-2.14993515208178	-1.24247353961137	-0.563610291098288	-1.77620795324758	-9.89922770266619	-4.38849444846264	-2.99173853297032	5.30181225688686	0.828075290849030	1.54343903195585	11.9664302678645	3.14793745406596	-0.484045875996684	0.519512459269499	2.72389588985426	-0.117250718978046	0.921766290381736	-1.71150969610354	1.10673900293041	-1.06847958140984	0.977280750444089	0.702931265041390	0.623576784652838	0.0943186229413022	0.106136313086235	-0.166582322971836	-0.0492381282752950	-0.107943236397775	0.126348187709277	-0.172067034409400	-0.169310731140498	0.206239917003801	0.0560492840587112	0.0537017506851904	0.00855284114336942	-0.0333704642561257	-0.0902485711417586	-0.0571862492386998	0.0814820978491193	-0.0758900974933624	0.000578189153226604	0.0587906560149053	-0.0524537653854564	0.0118227901620319	-0.0810069823074496	0.00818987414005695	-0.0276021961328505	-0.0220031079695562	-0.0249814282869672	0.0220561606862264	0.0159504307072790	-0.0333698550370870	-0.0262030684472398	0.0296509546219858	0.0381052149954562	0.0421793909443753	0.0190783972118076	-0.0276786368889309	0.000847296691702787	0.0196853825461533	0.000210934242669426	-0.0221145644993222	-0.0115426154452356	-0.00974067186557981	0.0241786568060991	-0.0337966631387573	0.0483674888345032	0.0256442046732468	0.0155892706342503	-0.00926465030539599	-0.00934760934869170	-0.0146210063537031	-0.00961924295908326	-0.00515072818956075	0.00534272440977016	-0.0166257361706469	0.00272510152875182	-0.0339591134591864	0.0142497490092356	0.0128670244624139	0.00339582813680641	-0.0128366296782870	-0.0222965599712475	0.00709864974267989	-0.0148451179157629	0.00643671053396847	0.00765891089038456	0.00117936844010676	0.0302988325642280	-0.00203250164172606	-0.0104508473202899	0.00739747047837209	-0.00717807606430428	0.0157590203640782	0.0164580323315520	-0.00408745660448842	0.00574556871054168	0.0152053667359543	-0.00754089262990809	0.0276665594131581
-2.44694540164587	10.1900553195818	48.1440853831493	-4.67614282745610	-0.998492566487653	-1.75420526579709	1.61491129743925	-13.4956762156620	5.88127202436970	-1.56357651704555	5.24830464975175	-7.32318211522196	5.83273879647131	15.9999759995674	8.59086534912335	3.90709255608222	-31.4958109092844	-1.17386649773750	17.8743721911282	5.82383624927888	-4.47078838882046	6.55380213701211	0.968485479879921	-2.33360256059349	-8.10658866227291	-11.4818231656872	-9.78240170934126	7.15830289056647	2.06294717358000	0.00337232241507756	5.16969470301287	1.71749488807034	-0.620513986884905	-0.969515621529354	1.26413851291374	-1.07767005322414	1.75858836980674	-1.80518315254342	1.23841461794652	-1.18037489165981	1.15468194306982	0.740941626031620	0.553804380741795	0.163732797951747	0.0947076405316352	-0.197217542859964	-0.0596466307327098	-0.121161892815404	0.170159942201702	-0.140231824353916	-0.111129698976449	0.187622299936704	0.114548420544903	0.0523680344763202	-0.00750834195236048	-0.0151533343366154	-0.0779097996821013	-0.0399864061239669	0.0985519894818216	-0.0580335390464319	0.0195322031133298	0.0887504683424664	-0.0207237658430445	0.0414592918651567	-0.0893579153071058	0.0273141111056505	-0.0621647128403822	-0.0793801145192867	0.00874798276969106	-0.00970871410736773	0.0146914169593394	-0.0115303091152392	-0.0503997071474849	0.00740302344126324	0.0731574900966754	0.0532846811105167	0.0192676098539652	-0.0307468341827632	-0.0157777803131791	0.0381633166388651	0.000911145013699626	-0.0415992994024021	-0.0244924544305630	-0.0118563298030225	0.0252948129564237	-0.00953605871011094	0.0462343973304574	0.0384122554054589	0.0220279410659713	-0.00144778258712853	-0.0211132379969530	-0.00779256568936660	-0.00248264322082643	0.00693971434618923	-0.00693321613241898	-0.0217900746145612	-0.00277494175995740	-0.0336670937448880	0.0342595082137687	0.0107661679548579	0.00875881575154513	-0.0287248192364325	-0.0260920624196058	0.0105883467857791	-0.00968655473711073	-0.00545059887483541	0.00672792849345801	0.000215737997517201	0.0327499294030229	-0.00193011570286094	-0.00851415888205685	-0.00356505228270226	0.00166168181891847	0.0154592516800671	0.0210527374093138	0.00196949875807391	0.00483834501355007	0.0109258961575545	-0.00607930911914743	0.0317019512830809
-0.679756679600092	14.5986978689166	54.4022909426259	-5.12889020940326	-3.87712053145182	-3.72438292920706	-2.80820304056659	-5.55542457474954	1.98134802113784	0.782534823374571	0.999419928592461	20.7852833198420	-16.6782414393153	-30.1065741817794	-29.6139217100823	-15.2235387020157	13.4195385746547	0.273391445164266	18.2705702031723	-2.12043908836196	-9.76917471189760	16.7625898304579	2.42632617404384	-13.0899029998744	-6.69855450583175	-6.34113905178463	-6.30572667231127	5.58538491324839	1.87195256319870	-2.08766195453106	0.356065821604220	0.346155275744941	-0.328062960034946	0.669051103160444	1.11163684092614	-1.26347507058473	1.98915629025101	-2.03761198038708	1.33480743467512	-1.25319073217371	1.34296840617304	0.801029362719388	0.379529189337174	0.243835709205473	0.0813579783743831	-0.151967046844940	-0.0872036802655336	-0.0984608494468668	0.184873503944613	-0.0829288421260923	-0.115304068482608	0.126677880843489	0.107557260062703	0.0516184977877315	0.00964345146983551	0.00680520747339715	-0.0479128635355187	0.0165074032370121	0.0370778300215032	-0.0661874871120258	-0.0166241177094562	0.117721734331091	-0.0216660191023189	0.0671428269595607	-0.0823275136504086	-0.0138722809430052	-0.0640114647877472	-0.108162825204134	-0.00905024009153925	-0.0647667036408361	-0.0141397818126738	0.00446759057623289	-0.0723882340740722	0.0238852185012843	0.0894801887492552	0.0676267371968965	-0.00428805667946628	-0.0339499140562115	-0.00310502334133161	0.0277687087955174	0.0133632246244414	-0.0440700296426130	-0.0330176690670912	-0.00591686871424584	0.0135160739704504	-0.0243152558492576	0.0418321520632946	0.0551444455039904	0.00997872249249004	0.00477804320457282	-0.0310425003268348	-0.0211094446008317	0.00972165092250981	0.0162930046849665	-0.0367232359775554	-0.0463014278589678	-0.00782417176997338	-0.0337866479453113	0.0446531088848377	0.0125491386905419	0.0230678460902849	-0.0314559616221055	-0.0205192454644781	0.0239596992908576	0.00963576988741769	-0.00805013179459015	-0.0104513873798239	-0.00467108076426271	0.0350397092651811	-0.00374328968681313	-0.0101585455892471	-0.00484716594426496	-0.00523895023917264	0.0275685104107959	0.0174586936871777	0.00232072327607163	-0.00507089484439020	0.0108683610930014	0.00462932539604765	0.0416796150699220
-2.94682455188238	11.4805249314675	59.3400876975019	-5.33194024042516	-0.621195750975822	1.59685880214016	1.36927573446863	17.4564151095490	-17.2412490965671	-3.02181751475786	-31.7079830160040	-38.0552496659589	-5.32599032152089	20.3011910516549	-7.87176984233687	2.44880855260324	23.8446248074826	-0.0882432220023679	5.43449392841789	-10.8636628616415	-30.0464838926215	5.99585405390524	2.04243743436703	-11.8952355896817	-6.33679085660534	-1.50590577283188	-2.10193027692320	4.19531219524813	1.28631150459635	-4.97804384929306	0.558537747330363	0.477583660250843	-0.469172261942488	0.916116151033715	1.09454642324964	-1.38635581455537	2.14449070384660	-2.16782426509142	1.45806741673330	-1.35296915822264	1.47658340621217	0.843203707568813	0.148156683152669	0.310101796952180	0.0561844726629439	-0.0455506622321198	-0.108586902792463	-0.0852114003957191	0.202071056374240	-0.00669004052378272	-0.129241020990349	0.0563364349767255	0.0848489557277067	-0.0438010776877886	0.0101481715559874	0.0414673453818390	0.00350907036678183	0.00725385787042797	0.0343546593107862	-0.0399250767227299	-0.00142615678736541	0.0956999141064620	-0.0331153321481097	0.0538409357892772	-0.101054805008925	-0.0130763288527333	-0.0257416240410604	-0.0764097461465556	-0.0164958775713489	-0.0890690109857151	-0.0159857224313177	0.0242713025064482	-0.0547569116097659	0.0446733158937631	0.0969920166318964	0.0447188518032757	-0.0288000161686214	-0.0324579714681435	-0.0236316560781721	0.0274017918058036	0.0233559848938742	-0.0365433361625016	-0.0264841750577474	-0.0120857746092327	0.0223381440586323	-0.0149020192473312	0.0480637088808228	0.0726812721766202	-0.0114997507054896	0.00182490624049314	-0.0268795362619672	0.000196034983603649	0.00377563641010021	0.0151974315065874	-0.0418536520747632	-0.0479896616974218	-0.0182327661437771	-0.0280009278705713	0.0496610142554065	0.0125946874092365	0.0500745428312076	-0.0321003657969564	-0.0437294819209421	0.0323647851585994	0.0299167902408290	0.00447913651814364	-0.0222440670997470	-0.00982596799242180	0.0319444572617399	0.00279220404504485	-0.00796713377387170	-0.0167951714787251	-0.0129459770197297	0.0301813516349638	0.0272196399730549	0.000752835410793700	-0.00662289144185954	0.00954737050827608	0.00716140930094426	0.0352274750390551
-2.58525678672916	15.7829660202423	59.6513493850786	-6.43025775126874	-3.82700035709837	4.00432369109669	1.35826642192617	38.7095305498645	-22.5670876291018	2.12086142896465	-7.01487737454793	43.7779074801620	-4.87916172282408	8.33743607550780	21.1319960685750	17.6319382560537	7.67326131992555	-1.91118048313090	-2.10248729211746	-10.1101495262715	-25.8244590036407	-13.2611950756377	1.87304939309226	-15.0857354110085	-4.95227038637122	-2.58366104388331	-2.59611935953418	3.84709091662269	1.28172766868198	-6.09856500689205	0.179068821990835	0.432963846748254	-0.440054845555743	0.830366182429103	0.939657953826200	-1.29989735640242	2.06319472053857	-2.06411294266808	1.36667041675202	-1.30564721717702	1.40991986652137	0.768629097786019	-0.0128689021644206	0.312433314447503	0.0353925761279941	0.0396159016735031	-0.105156499893355	-0.0875857479412813	0.211108426809399	0.0619861037607209	-0.108524598451689	-0.00339590886446782	0.00694929811830845	-0.0296612970744134	0.00721240684004553	0.0478799833997213	0.0243671019650764	0.00424055026883645	0.00854128810790489	-0.0649849872570769	0.0365301780263641	0.0947420477998799	6.49672084053617e-05	0.0250651506537646	-0.0970866389686056	0.0219862766243632	0.0128758881358690	-0.0180860954039158	-0.0113279519054793	-0.0713425349678904	-0.0335715857057218	0.0100049353932034	-0.0438249622546657	0.0425705775679633	0.0716270134159777	0.00583708455020092	-0.0259626312217650	-0.0142010112198420	-0.0187988006457492	0.0122776174144138	0.0240007474335926	-0.0251917795273975	-0.0241744759551123	-0.0215675950590032	0.0321886074397401	-0.0207993527490490	0.0455528848564939	0.0634711640178022	-0.0169424508738764	0.0155445998016938	-0.0360072965379354	0.00275263525800748	9.43726139273846e-06	0.00657735459381334	-0.0449654814824690	-0.0387403836297604	-0.0173487332294960	-0.0395364405789162	0.0499852801016311	0.0127536194895415	0.0595502274732760	-0.0236560416445221	-0.0497583631418031	0.0252679460636463	0.0328496636038365	0.00529283550513814	-0.0370683539820248	0.00220903740041980	0.00995525897474348	0.00289664772767117	-0.0140293565677886	-0.0192554761001529	-0.00945862173736689	0.0345482636933710	0.0148986201808735	-0.00314763363900687	-0.0196634105698455	0.0104714724690028	0.000644096653585834	0.0169429267792391
-2.22147030400112	14.4905259487525	61.6174379991265	-4.75982056293797	-4.45736145663588	4.55620241114637	2.50479211712363	46.3265472297924	-21.5396443011103	-5.08585915929020	-4.34301910020121	-12.5692507982388	24.9420914300723	-39.8700932321567	26.5787995661782	2.43132089418931	-1.23077854926050	-1.29380031911677	-1.69816091533057	-5.13758098782961	-8.19294692276474	-12.2712790803818	1.82674612808287	-12.7505842735974	-4.69958520296815	-2.14253955998788	-2.03035435002243	3.78713704293867	0.994335188691209	-8.57610274697290	-0.254719978749500	0.414133341569441	-0.0969730755808856	0.577261782663610	0.700056274152697	-0.999926276176719	1.57997140032644	-1.63003641040120	1.07244714592053	-1.02400068401777	1.10975973037744	0.537896478828450	-0.0559380849484614	0.249679577927821	0.0265991696934848	0.0708062302041020	-0.0710616769086177	-0.0894929765572912	0.176335382647525	0.0728222663158568	-0.0666348054423174	0.00468237862861656	0.00724847863103990	-0.0240921481378595	0.0259409613790566	0.0437130171879126	0.0168116242352136	-0.0206834860049809	-0.00409401816910406	-0.0905048777375032	0.0325818300172767	0.0544220248567911	-0.00611114028555369	0.0176507303745523	-0.00874502387685141	0.0491281833542517	0.0263588290549180	-0.0268871729491991	-0.00940277517894662	-0.0400683636772280	-0.0275486140510386	-0.00178151660567016	-0.00550060889929847	0.0205440545206298	0.0308386511895888	-0.0149426320011138	-0.0133423095587351	-0.00251122617387040	-0.0181552551277189	0.00485170020540569	0.00273781173990691	-0.0195893447024030	-0.0146026738510573	-0.0240607110668434	0.0487647401440052	-0.0239487670581995	0.0355613549720935	0.0517593264550258	-0.00800172086180188	0.0204522769838877	-0.0307674817219799	0.00848862911240066	0.00194919423761202	-0.00471506264998204	-0.0340204770876616	-0.0319228549822371	-0.0134177982555747	-0.0318091428260331	0.0474287885069507	0.0144994050513992	0.0503335133575014	-0.0275966797438436	-0.0420853627251720	0.0132210302861271	0.0242950582213741	0.00393959352586083	-0.0325385337020236	0.00287429742997210	-0.00336692561129351	0.00403126280296764	-0.0104675961200793	-0.00518318996046460	-0.00461552691376448	0.0305464476885298	0.00364754752482005	-0.00274156165103858	-0.00764278756429670	0.00158427510771472	-0.00441598239147138	-0.00109768838149384
-1.19819499872688	18.2941600523243	61.5060156068658	-5.91265189450068	-2.81408788012444	4.69063331578330	1.45704768580386	43.4247714688876	-19.5022770789005	-3.38538261177687	5.95191130012530	5.67564345346768	30.6396926916157	4.98930463735490	15.3795430084490	-41.6399190710389	2.68073797097505	5.88687072842076	-0.874676546686194	-2.46477012174629	-3.01695632158848	-4.77325905649726	0.882092234269349	-5.82142718070636	-3.08209871619778	-1.26388919391769	-1.24676416551257	2.61143673643245	0.566239328325138	-5.68860251856971	-0.0694139098249518	0.259177712269253	0.0213264015502893	0.312054062894975	0.403219655121302	-0.568910558952898	0.896287268451150	-0.968890756849240	0.634716201872380	-0.625005107781929	0.666514231027888	0.226037927945029	-0.0275874447724985	0.163717941902016	0.0152902168051804	0.0516930916240780	-0.0235363283978718	-0.0655574065686116	0.0824639547477002	0.0280291895621779	-0.0395906619545469	-0.00178519711083701	0.0156640577181795	-0.00337625170266774	0.0179358741584961	0.00659786747352922	0.00990272832999344	-0.0106065206052019	0.0181272637233461	-0.0606356554244473	0.0176108335364776	0.0176776007633324	0.0129005676904276	0.00848146681652595	0.0127283214843073	0.00492142282554275	-0.000844227775035727	-0.0116399271430981	-0.00737417967092583	-0.0414779646248846	-0.0141480327862112	-0.0328894396338764	-0.00275392769995861	0.00848621929517211	0.00319555670671259	-0.0237574869979179	0.00385198221447205	0.00937253976087385	-0.0316528985222507	0.00974076694279345	-0.00937386813825734	-0.00856132719392095	0.00761906805685924	-0.0259222925950648	0.0360583290902119	-0.0246435670606738	0.0201751703382542	0.0344951763457264	-0.00257880204644827	0.00483505616214860	-0.0158972100487053	-0.00186575770049014	0.00149406723942105	-0.00302690827786831	-0.0174709483472097	-0.0243246174057902	-0.00308876810349752	-0.0160956186249904	0.0264832847417036	0.0164019376045698	0.0365161685130944	-0.0195030563873646	-0.0277995180583006	0.00871492075601449	0.0173492967244267	0.00353657314873209	-0.0151782823462193	0.000894274595680106	-0.00280308131248272	-0.00556281846869913	-0.00321535562951550	0.000772621441513221	-0.00294135153190168	0.0241349495957621	-0.000998734158450346	0.000559530293073952	-0.00119839339739338	-0.00657609273809353	-0.00670551604036057	-0.00675870930634171
-0.849362451694290	20.7888924952687	64.5073416758082	-5.90524634438213	-3.24433586131121	5.32400077402546	-1.07093531308728	43.1168359204078	-12.5427575989933	-1.89902230934133	21.2427708441518	3.29580590235602	32.3934267544956	8.52309961567642	-16.6852977201015	-2.99382045069043	2.92655051632566	-20.8175051521997	0.918838630960344	-1.75587716137029	-0.438798133854205	-2.60151154601621	0.553702082006063	-3.22419257636508	-1.98177981051488	-0.800016323851540	-0.812448830048740	1.68243786096979	0.440514941096419	-3.29804527264170	0.0634173925878248	0.143654222373453	0.0332273584626395	0.211762689795243	0.263692037081046	-0.339226368083049	0.536941750818246	-0.601153160335262	0.395792783905599	-0.398591931524201	0.433945652724552	0.0716811852138880	-0.00426769296062899	0.133068488243307	0.00894357993574740	0.0461872219202936	-0.00561968918566566	-0.0510713351410675	0.0372070275800379	0.00750019931090686	-0.0284170814237172	-0.00442832658756831	0.0313337586558332	-0.00746776936352146	0.0142156245735592	-0.0244868543314734	0.0171299389266277	0.0167453831841215	0.0230996818273948	-0.0448630089309655	0.00658849746413386	0.00306833818139435	0.0192347479133634	-0.0102826075254619	-9.50958543479158e-05	-9.01994263563773e-05	0.00586230500551289	-0.0182269636481539	-0.00841342145861629	-0.0119712595444323	0.00470809968520666	0.00236642574389202	-0.000337840010455985	-0.00388687995575139	0.00182486870749061	-0.0112397884946696	0.00774111609488174	0.0156207733827691	0.000611696385649144	0.00507337685917619	-0.00962012649895633	-0.00237823481957592	-0.00289617891703202	-0.0134654725636345	0.0276915495039358	-0.0111623782905985	0.00787958442676492	0.0331205987554679	0.00423402230902995	-0.0105706516045105	0.00108540949269135	0.00320108206946850	0.00811301081126658	-0.00564246467386688	-0.00743241236636022	-0.00865236056337452	0.00597539762961798	-0.00985934777702856	0.0193884563890721	0.00405715027273952	0.0212510509278282	-0.00934258004696777	-0.0227791612842955	0.00939146878793062	0.00836803197551125	0.0113359811567615	-0.0125702176260356	0.00228645303444978	0.00369251196935957	-0.00440591098058074	-0.00402493602757569	0.0110513434295223	-1.73823467033386e-05	0.0231362108272382	-0.00931284133738241	-0.000618231647786735	-0.000257602091798521	-0.00346600535721694	-0.0112133526415900	-0.00112895170728807
-1.39691692125184	18.6978140503189	61.7579617604668	-3.32871008174284	-4.48920892749154	8.05314559016332	-0.788154473380418	42.4983735173146	-6.62767328326297	3.04708783006122	29.3647372790067	-5.52953069286831	9.37466819757440	4.51522649806006	-15.7841604650282	8.85355848165015	0.295751788769789	21.8575043341259	-0.796086921182760	-0.690181549648791	-0.326901253385069	-1.72888159467814	0.552197440387895	-2.55382995307734	-1.71754664373131	-0.769767034165753	-0.728396749193147	1.44469109405637	0.283869510049232	-2.52418052722512	0.242752323208477	0.151916878732000	0.0581869944970768	0.211028300993414	0.184426396501915	-0.257175760900437	0.363524193871410	-0.379485663583777	0.270050511101822	-0.270852337666544	0.307829922229927	-0.0235413938747361	0.0104138032357408	0.140870027171098	0.00409833027466641	0.0466197776178078	0.00203074840617837	-0.0466154562845179	0.0222496509638873	-0.00335115983599504	-0.0334591889419937	-0.0146474564479372	0.0216377065773377	0.0362442857144153	0.00534003414659950	0.0751127218147466	-0.0347128163577831	-0.0119700731323184	0.0136268674724391	0.00660702627405735	0.00466000700972389	-0.000600702240723152	0.00530480781769381	0.0199403385175749	0.00788335534683876	-0.00476680159228136	0.00306157541403001	0.0109052297455098	-0.00285549835943766	-0.0207743808222485	-0.00834339379717564	-0.00437646376424393	0.00532551434694989	0.00320031588254918	-0.00104297488953019	0.00743251061152599	0.0231051640392746	0.00960061670753076	-0.00336474345091927	0.00672101711089572	-0.00518900470265485	0.00198724019732863	0.00883984533160918	-0.00197836469394032	0.0187961938435256	-0.00328580781198545	0.000862026176602969	0.0208550860046146	0.00409689199741004	0.000733814473375522	-0.00340920626224432	0.00209108551943910	0.0170905745563091	0.00112381647871364	0.00486459885777704	-0.00810955812399876	-0.00946803096035325	-0.0164915947357331	0.00788081795462133	0.00882863142996589	0.0157706234655368	-0.00890331419245835	-0.0108252803548337	0.00984158380608568	0.00665386710418475	0.00692723208740824	-0.00776065733478349	0.00842192046956494	0.00542424595895237	-0.00408956989019011	0.000381522269351818	0.00190776701545287	-0.00355634613229053	0.0147703707179404	-0.000759113340904362	-0.00571510417577941	0.000242842444729945	-0.00593743398540905	-0.0106033227299724	-0.00257101710280341
-1.65398693820632	18.4421788032419	57.2642547098451	-0.231114565289239	-2.10523732537105	15.7862489931185	0.0882717311369684	43.0031326680875	-0.0787732239525781	-18.6474678011981	33.0532479316993	-14.0417725810341	-28.9833221596810	4.06893770239841	6.92690749990873	-7.85823785392733	0.738827319960212	-10.1000837188492	0.441970338848600	-0.431021253985147	0.0260612184056805	-0.819335371726294	0.0898888698632164	-1.71465079095475	-1.63396336957762	-0.546181219931581	-0.648227756892864	1.33479619728735	0.314728691176884	-1.70547027167790	0.312215121628997	0.135863445468471	0.0882054775265113	0.224926153661538	0.113829775923651	-0.177837489664489	0.250208753777145	-0.297324645570015	0.207337144223959	-0.192406275043144	0.255731118294287	-0.100116406201645	0.0397382480810330	0.165635662638531	-0.00123049608309735	0.0578926084168732	0.0128809374278913	-0.0549247774347938	0.0196023774481361	0.00245141732629019	-0.0156929462857412	0.00251406846376829	0.0136241795975975	0.00545855436802007	-0.00317291375718997	-0.0697496598400772	0.0199512067109453	0.00214754629209911	0.0215064608092318	0.000219694683284668	0.00832826050599355	0.0162383407354749	-0.0113382720409222	0.0191325716797002	-0.000697320147213451	0.00158365061473750	-0.00220549880567453	-0.0129713899608452	0.0228069755289064	-0.00115962447298381	0.0127851418531079	0.00243810989684380	0.00136637353321188	0.0168276654344892	0.00273379709215356	-0.0164957227907399	0.00642879054512388	0.0143599872332927	0.0120072243858302	0.00306472798848263	-0.00387384210747593	0.000406279531847821	0.00422760172751323	-0.00712453999855116	0.00872922391880011	-0.00683113587572053	0.00775696526505595	0.0136417751137863	0.000104921316615740	-0.00253876021641144	-0.000927412240820693	-0.00449021987359159	0.0137294338871184	0.00821857839076561	-0.00186817331231689	0.00149646404455973	-0.00250922518087222	-0.00781759889370296	0.0176031985394526	0.00548382956379578	0.00414933055134344	-0.00517401235716555	-0.00968615316784423	0.0102322046440573	0.00549969857919973	0.00897298096411698	-0.00525060675339056	0.00914180529820882	0.00811211370893149	-0.00727778461216600	0.00299294331500787	-0.00544150728229327	-0.00657448524994224	0.0114349659888743	0.00408657704343443	-0.00664145019425914	0.00185107185188439	-0.00764576053035531	-0.00949437707615286	-0.00436184081128680
1.37872093507482	13.6118989592130	50.4072886878183	1.18498304632609	4.60937362908556	16.3913454571165	5.38265625063241	17.1440622376328	13.7251736341914	71.6483382870532	10.3195426052551	-8.55137081818163	-9.39131302079554	1.10375963118598	3.88628010364492	-2.59676127936136	0.725611630816607	-2.42962302370034	0.137291259738643	-0.111314739428706	-0.353009715969047	-0.0395477435556732	0.181802231625615	-0.871260131730432	-1.08418157717124	-0.270922946701859	-0.373439737510066	0.813902907141467	0.222284283113828	-0.598183623057517	0.235906197716487	0.0698665231545314	-0.0339136413510720	0.180175588054452	0.0515421676118241	-0.115134686045770	0.175483648539523	-0.204905085077145	0.131969144227621	-0.145387298905795	0.190041609197641	-0.137945314644968	0.0427955570161377	0.154142847363088	-0.00117686274240593	0.0607333230766403	0.0140185270092015	-0.0566500300077248	0.00647339024106611	-0.00794211163628251	-0.0220594161982300	0.00645786039809573	0.0253992113734803	0.0244113912127188	0.00308017691752140	-0.00463789314861211	-0.00773814436002937	-0.0152129819413627	0.0172444763246094	-0.00209966643557827	0.00742623622222559	0.00864013122464529	-0.00533354184828400	0.0269545511971650	0.00110608395083960	0.00396526516585731	-0.00822884435286048	0.0137626069341846	-0.00102765413259367	-0.0124119235644183	-0.00362062153050186	0.0105605022432750	-0.00170648853455443	-0.00167003764104677	-0.00226044970326389	0.000623090659345910	0.0185041448267499	0.00448558473944268	0.00480865948153429	-0.00245772892467254	0.00598894133790818	0.00559499905934342	0.00522792534248997	0.00258637301503630	0.00654563430559033	0.00309411256133599	0.00600496941113001	0.00199277131860360	0.00136694548144803	0.00383376746442863	0.00268896456203134	-0.0100733053299908	-0.00661991556163522	0.00353734225065817	-0.00753804063770179	0.00346825443746300	-0.00549491421282054	0.00668207117216215	0.0270649623010326	-0.00520078736243149	0.00206474967841599	-0.000104026857555503	-0.00477193716813554	0.00510769417839939	0.000408720475016824	0.00753469741514932	-0.00188977856926645	0.00408619706132884	0.00552195144521993	-0.00507732197052079	0.00367065463907868	-0.00590561557483842	-0.0101201523303934	0.00924546612051082	0.00167386872400743	-0.000869586148944250	0.00251961123388806	-0.00693011216167991	-0.00530560309423489	0.00318188022183197
-0.465284026570586	12.5242782846103	22.9415484965917	18.1601105085629	25.3448962137659	49.6692772361949	-7.07182125918530	23.4894724653329	61.2854783490944	-36.5804044472134	-27.6240951479745	9.53354547811330	11.4249242889504	-0.299456837987466	-2.83629757053644	2.40667926649166	-0.217744837931564	2.88603662435563	0.208391479011148	0.130663579631974	0.294005299169326	-0.0377718521921189	-0.0538952336926485	0.519056061678252	0.314149733461979	0.206011603876538	0.222907695746815	-0.313225061140018	-0.0565328340632016	0.415938814039090	-0.0545832911564669	-0.0815522454150424	0.0232376381113737	0.00570375800194477	-0.0515533175602009	0.0126617499027356	-0.00500712656402237	0.0269290393148787	-0.0182137520477243	0.0140685498714657	-0.0237851187711797	0.0210573019550323	-0.0146546485951168	-0.0150792563012941	-0.000768888011337171	0.00338858734809966	-0.00603067291248246	0.00224833186910910	0.00158131586409650	0.00977080691642293	-0.00285387904110488	-0.00107374224052197	0.00145947376466204	-0.00426307484302885	0.00170282668982219	0.00140664578626533	-0.00377616009740018	0.000705953840668093	0.00282329942924989	-0.00424430035053535	0.000744210257241200	0.00108038758108807	-9.52548795020740e-05	-0.00172518047700768	0.00446085868012672	-0.00543546840348223	-0.00427071541923620	0.00568483606436399	0.00302012050893036	0.00182029609475486	-0.000116715274431308	0.00230279604994309	0.00144967283557389	-0.00437272609555675	-0.00126646296734775	-0.00294555219587064	-0.00623035569688941	-0.00223744611704836	-0.000800367355094095	-0.00461795353552684	0.00203660926282510	0.00119046653537271	-0.00337772500243310	0.000524579339525766	-0.00694513023774232	0.00119573297313785	0.000633868242271580	-0.00486047964034157	0.000115437289615938	-0.00277737123721156	-0.00116156243004899	-0.000422700971707778	-0.00394918226456827	0.00103086411988374	0.00268861869719700	-0.000180272460312378	-0.00717001182506779	0.00188624829621320	-0.00254130701218419	0.000256662014010732	0.00373783955299869	-0.00192101017078334	0.00604630379008660	-0.00356174389679185	-0.00538770355750273	-0.00101092660267129	0.000326697415432516	-0.00214446377110473	0.00143695824588343	-0.00145825709347513	0.00569334830946741	0.00249771810265820	0.00575770636655083	-0.00319079486370691	-0.00114303416508152	0.000577615818584714	-0.00194300186770673	6.04587661802268e-05	0.00547996376262711	0.00293183521576902
-1.61731306555836	-8.62888558780303	-4.51210598450894	17.7382684368941	56.4395208623891	37.7884892128357	44.5341401054837	-36.1547299860597	-48.6057108091230	-10.7540261787248	9.30015990727971	-0.150078433910885	1.19992160041736	-0.616146826560184	-1.30110768474608	0.481779847700659	0.435714373490039	0.512456297914081	-0.0589896158896760	-0.0568122376282037	-0.120369111060547	0.409503065723965	-0.0617913103690848	0.219264400966164	0.532562585968425	-0.104690957631437	0.0135907719924157	-0.324093728321060	-0.109770096409095	0.0978227100212672	-0.0643206421369346	0.0106822581017358	0.0109863669317729	-0.140824404475775	0.0207825930419979	0.0797542447890900	-0.128566701142522	0.140714583443870	-0.0829615825226772	0.0943473930076424	-0.118864216051741	0.123429971921941	-0.0279513309187078	-0.107217884562070	0.00462422640954695	-0.0419110491157460	-0.0113278468789524	0.0325689836276257	0.00640315878288453	0.00904785662417486	0.00812498647707825	-0.00677401683660579	-0.0147120218973415	-0.0149441597193534	-0.00123607462415125	0.00451875421133461	-0.000866308249988147	0.0106297046984319	-0.0103472039140913	0.00597626778322581	-0.00353356741362976	-0.00283365093465456	0.000914264006708475	-0.0146808512107009	-0.000874306723894747	-0.00487775638194731	0.00705038238768523	-0.00830667992306076	-0.000761100022535331	0.00574394733008757	0.00153988757256317	-0.00919024232931038	0.000417908125543368	-0.000358343964918475	0.000738762496650739	0.00523647235979735	-0.00581125443429667	-0.00233000754254902	-0.00284059660742099	0.00344924307638421	-0.00321371475744558	-0.00187775993919963	0.000889097150198171	0.00186126993100899	0.00361503563815337	0.000897248487466789	-0.00528899915866705	-0.000108515269044173	-0.00380683181458850	0.00197288074277877	0.00144745121075504	0.00383633990466267	0.00240319028804386	-0.00223227243099261	0.00233683349022468	-0.00134816046446358	0.00798988264347169	-0.00445836664294582	-0.0149964138436723	0.00222994204952888	-0.00595951650766864	0.00183293113525770	-0.000839977232710072	0.000143833285217714	0.00307712855192879	-0.00350156357945366	0.000929380375333447	-0.00216984880069704	-0.00300263477236753	0.00239408104198016	-0.00982296329475476	0.000994274307180421	0.00155278046995905	-0.00431880131676002	-0.000164476677713340	0.00381754773453430	0.000116745446878966	0.00288834626812791	-0.000548225441010468	-0.00474335737015494
-11.6923446779607	-6.49589345585238	-4.54051098433196	37.3705878644761	46.9084498802435	-10.5460027473708	-65.9781563685147	-10.6322247557638	-20.6379228074935	5.03718928798396	6.77395277717782	-1.98006049206904	-1.68548266882535	-0.175144254532487	0.782403541238352	-0.298122649526123	0.123428117305363	-0.349472791375810	0.151723828004162	0.0155494181154734	-0.0177262391825713	0.153261253655496	-0.0398583695033825	-0.0126621256113251	0.124219120909565	-0.0372973967112139	-0.0344196094565094	-0.0238883206196248	-0.0246612532666751	-0.0248982479266119	-0.00751187528558754	0.0168516821482952	0.00899067525648041	-0.0445072379028070	0.0123646138717890	0.0191291135216621	-0.0367711849402166	0.0352600414779206	-0.0247314224611198	0.0273028224427553	-0.0345178384645356	0.0370567853105567	-0.00920502265070394	-0.0302863867936536	0.000388173710832384	-0.0108410093887949	-0.00396046773606055	0.00801562869613805	0.00312218213154135	0.00392266780557018	0.000585016162169759	-0.00132248058504070	-0.00521306992221277	-0.00515864446564191	-0.000788127664576208	2.15221594306120e-05	-0.00111597951201167	0.00212646005179371	-0.00289236978551687	0.00144060318812605	-0.000456080196260169	-0.00143687398734503	0.00181168567195092	-0.00474046900882296	5.97702283147156e-05	-0.000461277773509795	0.00342473522460849	-0.00241585971141766	-0.00179930004677825	0.00200270387996569	-0.000656098741941120	-0.00260109998303456	-0.000125671820655506	0.000129925507317975	-0.000775140821911132	0.00203519059198158	-0.00111091160929969	-2.85482149512259e-05	-0.00255308870604816	0.00214228874260248	-0.00157378958132064	-4.94637863229617e-06	-0.00192048911017008	-0.000799578691041744	-0.000104212804003138	-0.00192649106719435	-0.00117116808270501	0.00188278707250822	0.00166703831409062	0.00115479501018365	2.30430575956084e-05	0.00187608089218188	0.00229270664801675	0.000672661897228001	0.00131434829751443	-0.000416427569910118	0.00136996086193408	-0.00112929097282006	9.52603423718293e-05	0.00120823833193349	0.000690151242737132	0.00190412151005073	0.000401479484600894	-0.00121165260971739	-0.00144898420245719	-0.00368885329469358	0.00107736413878922	-0.00198389918087018	-0.00527683652194459	0.00358229455112384	0.00128607039583088	0.00289236011499091	-0.000553826859417508	0.00203297174326234	0.000387283609378067	-0.00199543277149094	0.000223531319034649	-0.000646215458569487	-0.00102434294525987	0.000417478723484652
-6.28526904860993	16.2768943385292	-1.84092288020270	30.6684687616602	20.7006860375991	-60.4375836449074	39.9890390903525	16.0593404150803	18.8926103522224	2.08761519786349	-3.64352580105637	0.401120475673408	-0.274311586701976	0.348482989996029	0.271135252070472	-0.137581538166029	-0.0829554577175305	-0.123380617174501	-0.117558523259751	0.00180995762969565	0.0787699440311240	-0.266961584632911	0.0497168667208596	-0.110037483188262	-0.200592029395929	0.0145283264643184	-0.00277243356067809	0.0918889832515180	0.0429542241051061	-0.0756858375548741	0.0344818300253483	-6.41157790557250e-05	-0.00558826158098381	0.0478520134780110	-0.00815345532634212	-0.0214040895989930	0.0382474542167326	-0.0399805087079752	0.0238226977238794	-0.0270076946787691	0.0402588077955650	-0.0431964058470552	0.00825391008355365	0.0354221517816075	-0.00128274385980383	0.0138691476357592	0.00497815022896961	-0.0113864994486729	-0.00295351069135593	-0.00460416411983207	-0.00135839133214744	0.00186972891332417	0.00665640519129538	0.00617840091004506	0.00126925298263612	-0.00114844542450411	-0.000342545789946706	-0.00302812798992724	0.00330790682153577	-0.00194172939525593	0.00123331519469919	0.000559492320807196	-0.000784408039044501	0.00473475762570560	0.000914553055848355	0.00246131671216213	-0.00356230941602283	0.00310289806179389	0.00118339865792014	-0.00206000360693434	0.00130881381404717	0.00395703649814767	-0.000872069526033333	0.000679226869409025	0.000728760374805923	-0.00232121664786446	0.00127594254179721	0.00107076660427492	0.00234918570698549	-0.00247530252092807	0.00314924746339996	-0.00111369538433862	0.000388675712804908	-0.000771087405596552	0.000169058026271473	1.35297026428304e-05	0.00179953030533274	-0.00199794097446248	-0.00258515295921187	-0.00171015395182736	-0.00162890122209253	-0.00123358072973905	-0.00269441301214563	9.06710332500622e-05	-0.000756079048472954	0.00111431465907696	-0.00399264907709475	0.00195190993417504	-0.000155454519496857	-0.00242146579218770	-0.000215252373454632	-0.00327321988233782	-0.000908913185123265	0.00132998038129785	0.00316957816466193	0.00477898522329645	0.000423126214252487	0.00385467818188393	0.00209482279813363	-0.00220048947586037	-0.00299878403545108	-0.00126491356361404	0.00156976247667993	-0.00272006689512278	-0.000189928114387690	0.00183509779891881	-0.000796223764720428	0.000960854243678617	0.00117034617845051	0.00102804620281770
-32.7500272588418	37.4055245436347	4.59389718332706	56.3164367887589	-54.0281628573855	25.8019432781721	-8.80608834800114	-4.47560415927108	-4.09079556115400	-1.00884396179346	0.664485432578380	-0.0981451422352941	0.0112849643929219	-0.0534217613958219	-0.216302717249166	0.0949587579593583	-0.00692976988238225	0.0994633475974441	0.0700701829093925	0.0100842784844611	-0.0643204909619792	0.0956143474228952	-0.0137338728091624	0.0199874563880740	0.0601037697398372	0.00156316086201408	-0.000698036583779668	-0.0293691016423217	-0.00507071282354548	0.0230014824196969	-0.0136274269581034	0.00375368030878824	0.00730564811196692	-0.00996029630619309	0.00102538893167032	0.00190409214123295	-0.00945974794072548	0.0116043244793478	-0.00773612853963746	0.00639179430961642	-0.0119035410241891	0.0160719453255735	-0.00305643393692693	-0.0117966796628414	0.000202476016422972	-0.00401588535714630	-0.00183068530747540	0.00349176088576929	0.00138263176309919	0.00166207133953593	0.00117267598120730	0.000115618323216224	-0.00252830839557682	-0.00335276078914882	0.000109502151759621	0.00142033267836674	0.00169529469018608	0.000716583267456209	-0.000707364038519218	-0.00143495476226361	0.000702302245604826	0.00170270547831561	-0.000749794417721512	-0.000794578935307995	-0.00124077538094268	-0.00304125093814121	0.000775492387449484	-0.00139636240090558	-0.000380732914668417	0.000468809002296014	-0.00127212957905430	-0.00169822569133734	0.000961307832343325	-0.00107167566665865	-0.000648369652435162	-0.000776767901105498	0.000266893394706316	-0.00103687940172712	-0.000296590372590642	0.000998727519659399	-0.00219706436440792	0.00104862344799114	0.000892521920002958	0.00126265808170555	0.000120369566442509	0.00154201141031233	-0.000235077309528235	0.000724096756934090	0.00213592646441301	-3.77417104038862e-05	0.000848537970707262	-0.00109673866527504	0.00265469806700642	0.000697708332351885	0.000497966780530660	-4.77374992362173e-05	0.000824535756407564	-0.000187098368752244	0.00303350694789651	0.000603392975968827	0.00102541394272641	0.00217490994221538	0.00159478368593246	-0.000975420834625851	-0.00268606245571307	-0.00262599479395399	-0.000702723131082674	-0.00195141422274440	0.000546408184077052	0.000442157230666149	0.00433441295125330	-0.000724963205102458	-0.00211308609050751	0.00385322875834288	-0.000447358752857899	-0.00221187963900450	0.000807418979618969	-0.00124691564305779	-0.00133510839902308	1.11564846758246e-05
-42.3968861381486	60.0347882328096	-19.4794916736967	-45.7513749442066	20.1787366429393	-2.59740507419827	-1.30257528178609	0.386558647797805	-0.590892940780010	0.477150128118104	0.373490858333908	-0.101540542432716	-0.0539405445318782	-0.00323345373076221	0.103925035944034	-0.0585801281201524	0.0311153626580238	-0.0367805156638147	-0.00491591327484823	-0.00809805719727159	-0.0394387716282868	0.0140655683367149	-0.0108923053302809	-0.0300181054175742	0.00582040104793635	-0.0230084044217873	-0.0192010583320394	0.0115226026141951	-0.00154999395806169	-0.0254761434112875	0.00802780649498818	0.00239537085273704	0.00291965762661152	-0.00794028536054495	-0.000689139921819749	0.00869715267250495	-0.00927665224080023	0.00961726731715690	-0.00554093239944354	0.00708427903266020	-0.00820412475930864	0.00637445537819963	0.000484377605244005	-0.00555965540351921	0.000555811888261862	-0.00240340551567196	-0.000872950703354362	0.00141797771646827	0.000978459502546061	0.000589332653759202	-0.000932540553473850	-0.000673743628949004	-0.000434503965000398	-2.37108600618329e-06	-0.000512917229957551	-0.000332790390656304	-0.00146476623637733	0.00141698401899867	-0.000685630584677897	0.00151922790441747	-0.000521898522372933	-0.00103915282290156	0.000527219441672220	-0.00123892290672996	0.000360979213934250	0.00130568629192204	0.000530890045173868	-0.00114562852213579	0.000248072447669127	0.000140498898510504	0.000582497268031131	-4.89750201329958e-05	-0.000347174455500413	0.00152558914590265	-8.66827905919507e-05	0.00127893391484193	0.000354895728306045	0.000426195614403756	-0.000590400429658352	0.000500452186408473	0.000527889550712175	-0.000351358690648252	-0.000221687293719553	-0.000416734274227862	-0.000132196853597758	-0.000798928182085234	-0.000550770410016461	0.000619443170135432	-0.000426510426429986	0.000831188030064438	0.000189635177427904	0.00123226440730908	-0.000775993630026439	-0.000934437676362883	-0.000750138143634336	-0.000316062142396392	0.00105713673217921	-0.000756601307028976	-0.00199215124979548	0.000219783521153777	-0.000867822726756984	-0.000315791687477571	-0.00116315270240291	0.000545877850735234	0.000520165284021062	0.000528879520105119	0.000434425381046952	0.000163350476091078	-0.000910405179020791	5.02589553564385e-05	-0.00224762025378138	0.000626136828474492	0.000485633289822426	-0.00184332656858384	0.000604789837854642	0.00129621738253381	-0.000265948931958944	0.000127716279866901	0.000526765921063726	-0.000439301498146643
-61.2510678681467	-48.2175789165069	6.84345013642786	2.72439293915077	0.330858278988297	0.548597254592387	-0.0580533805399037	0.159082566142574	-0.179229533574166	0.0412988583465446	0.164283628085007	-0.0676902608301408	-0.0701169859752375	0.0163607504666362	-0.0305220819767471	-0.0279515657064700	0.00257984813120280	-0.0141579766294623	0.00759527934601088	0.00730663439229397	0.00345628885558969	-0.00349970724969641	-0.000927324562192147	-0.00540746820858598	-0.00691046196351239	-0.00378571273348936	-0.00201743088384115	0.00469475721618381	0.00271828713218979	-0.00933075486650571	0.00160686865961797	-0.000328021640866114	0.00144983468132635	-0.000514388903792990	-7.90268468624713e-05	-0.000662837211843277	7.99855928774894e-05	0.000571357712086004	0.000107754646055920	-0.000574876950119897	0.00141782489374790	0.00171826048011454	0.000598277105436877	0.000165727318028535	0.000156166633156253	-0.000146577842532337	-0.000592939918536290	1.87172157085277e-05	0.00104497577564523	0.000683546186188763	-0.00105526518236343	-0.000496383692787574	0.000412607961611312	-2.17177846925019e-05	-7.86754205151246e-05	-0.000494570822407527	-0.000947993052299989	0.000382355835462055	0.000102346716225709	0.000799603373274680	-0.000426311222904335	-0.000449773922979815	0.000701239890533688	0.000563741359680047	0.000224488483607618	0.000492848759430929	-0.000105273176804126	-0.000266841801718327	-0.000472683905450457	5.95237314381424e-05	-0.000470252982812644	1.33997376043825e-05	0.000225940356933159	4.15766051013724e-05	4.96889922962991e-05	-0.000822317726505632	-8.12092425399201e-05	0.000255819834646413	-6.68095134149456e-06	-0.000239772514974067	0.000247263114061195	0.000207845201617297	-9.91523289921457e-05	-0.000183400085025071	1.67859021222498e-05	8.02825777692119e-05	0.000145132280090258	-7.94472343287961e-05	-4.44942070172918e-05	-6.11527831686410e-05	0.000282588459861384	-0.000454350380922580	-0.000234837155941463	2.63778732584207e-05	0.000133027963506692	5.83983434932210e-06	-0.000517710926494953	8.72726525499533e-05	0.000660721754894343	6.24274913079008e-05	0.000135232161770437	-1.12060351459997e-05	0.000119845406126330	-5.94101679024014e-05	1.01523824689278e-05	-0.000132189714661521	-0.000113762059058646	7.07385226196891e-05	0.000307945405835515	-0.000133137543262322	0.000512260733433159	-0.000211141437445456	-0.000196657897782034	0.000405630924075023	-0.000218719806414257	-0.000326798061953594	0.000125229344623839	1.36191809705883e-05	-0.000288478642422230	7.92514349204905e-05
-1.74374587247059	11.7693016988300	46.5909997466051	-3.08948977868518	-2.62515554416739	-2.70678603692945	-0.270113431597794	-12.2519749070378	7.92262679116163	-1.30632538473742	8.25320715419670	-1.07834423347290	0.675948987229414	1.38558540409246	0.882678706655003	-1.03319859810513	0.0667010196678111	-1.01951793667028	-0.258102966583009	-3.03506778057551	-0.366842702645193	4.89652132479910	7.33123790816671	-1.21751783201799	4.92200402535645	-15.6107555985375	2.78416317757815	-13.6497384761242	-13.7261762968938	-4.52822422913034	8.84765846125350	-7.83614031581983	-2.79470236855406	7.49716840010918	-11.2309568532355	2.79851770945902	-3.43044229552778	0.586199823831970	-1.56128534522594	-2.36014428854922	1.21093249536781	0.192296609182259	-0.608061663418033	0.525959433425687	0.165268062034362	-0.383959340924712	0.472145222472002	-0.147132912765422	0.278033985871682	-0.0438803901809698	-0.0361263116425354	-0.0928883326681746	-0.000995931708840598	-0.0552058259270244	-0.0132986839226535	0.0351822378626523	-0.00158902484080029	0.0352785761003005	-0.0107911751683815	-0.0504167497242007	0.00620269006632418	0.0164520701873912	0.0588570494133008	0.00317615401223765	0.0582721237188727	-0.0218319099867923	0.0375146121451956	0.0318686577685091	-0.0232262925847025	0.0248054742573896	0.0353641694141679	0.00948573561670062	-0.0557194839837716	0.0277430159113087	0.0180576440340505	-0.0283106448846226	-0.0278311193011837	-0.0636790727858705	-0.0184117740603219	0.0400674994757117	-0.0260061589905006	-0.0538785450264643	-0.00673388268876468	-0.00504207942707374	-0.0202483094793700	-0.00565217679833507	-0.0427151880130954	0.00832516360933997	0.00609913933076972	0.0186600497277403	0.0169084901226129	0.00136859691435525	-0.00144132783129470	-0.00418273278409227	0.00648818649369201	0.0128829626258393	-0.000549503297492029	0.00331108280248595	-0.0205126658465974	0.000717341799680826	0.000147453841406692	0.00866676646164821	0.0227008881928223	-0.0241105302540254	0.0233567513569114	0.0257334240382870	-0.0159361151222681	0.0117001196402122	0.00106356568332902	0.00392153234587323	0.0173613739842556	0.00913073694319941	-0.0178870477951194	0.0104049436595266	0.00978301948101466	-0.0116746668736650	0.000550215144475340	0.00339639054911634	-0.000486226061236816	-0.00800586581010631
-1.79756773202256	12.5556297175754	49.5200483615270	-3.16742895705546	-2.75101480182709	-2.68168053299440	-0.364324731269768	-14.5383539420237	9.40729272723210	-1.85416804845010	9.48436944967791	-0.983568951526661	1.03236216039412	1.64388514436994	2.34739825653997	-0.397531345480227	1.78707025603571	-0.910108818665274	0.684334040871953	-5.26423402875424	0.376624741894122	5.12847306592456	10.7291996597866	-0.915165593064766	5.78460247752601	-15.2923406885961	2.45128917749114	-16.0394104383321	-13.2194210426110	-4.65023233499394	6.35012586012878	-4.89787607454684	-4.71990368675836	4.05471471548416	0.974465579556373	-1.12828098370146	2.33611734642431	-1.21591718412912	0.466530805151118	-1.28648970838586	-4.51112958970562	0.150571318205697	-0.876215712251304	0.425000575067848	0.0595175532584860	-0.320882880438647	0.290314563279326	0.0140202951255717	-0.123694545268360	-0.00217393017088952	0.0485722674353454	0.00133826393930871	-0.00881554058921872	0.0536316199062256	-0.0512376668866082	-0.00358112384624876	0.0398264728128752	0.00619995709995883	-0.0223353141211461	0.0316063452548665	-0.0108332914900211	-0.0725386197478141	-0.0373889728424906	0.0197706720316542	0.0172125108787462	0.0273364588879555	-0.0323114494826896	0.0295781074665903	0.00796591216025485	0.0169263574546597	-0.00255867482068654	0.0268866034070748	-0.0192729164223110	-0.00416761337993804	-0.0233951105665125	-0.0135719518328805	0.0161119433630070	0.0234141951025994	0.0130453177263787	0.0401746799942506	0.0148279038218815	0.0212426854085040	-0.0156352233871598	-0.00181799302783829	0.0119238654645577	-0.00405056748832662	0.0365147144633532	0.00548439768650407	-0.0117811981446583	-0.00966216717707853	-0.00346032014139677	0.00418639190272179	0.00254015891592357	0.00798078770393699	-0.0174523823648265	-0.0196749611432512	-0.00290623879478035	-0.0191644183584674	0.00695857893335666	-0.0119777420460540	0.0185489554026515	-0.00334325998444268	0.00998254711134976	0.00543644971319315	-0.0199361295590952	0.00870718861473242	-0.00127545005441608	-0.0169569445594036	-0.00248313113463924	-0.00212044968210487	-0.00688492846306166	-0.00902775676231248	-0.00420688627716406	-0.00507184129199362	-0.000373996255099313	-0.0115582301742662	-0.00598437218141946	0.00396740840414195	0.000891738601242879	-0.0127477952775313
-2.02732674474579	13.1604901512996	51.3997328197113	-3.21938141017236	-3.07852934222126	-2.49533563709290	-0.562764504258550	-15.6371205514388	10.4618546719671	-2.71701588836098	10.5651028387342	-1.27713804704758	1.02631962137668	1.82997604793798	3.30601295866561	-0.0496098649712505	3.37334754806764	-0.796176347016994	0.676124853285287	-7.49313705807901	0.990238416213191	5.49593616290004	13.8147872941785	-0.727706171672254	6.17658549821986	-14.7791921500213	2.65565461947831	-16.5990517836652	-10.8984510370644	-4.11343070133418	3.47862762593925	-2.18578888606162	-5.05495832845550	-0.583654181182005	7.55884055303788	0.0573967196105574	3.52850913196484	1.87840931918999	2.69544982737177	6.29028255674876	0.0398756278070890	-0.295643437578797	-0.997715923195126	0.198171698368853	0.0664674532838267	-0.0103390322674121	-0.220186270890467	0.00932656373617494	-0.164193910818932	-0.00443261720085658	0.0423806625313399	0.0162246735581107	0.0280378757652483	0.0409023836267013	-0.0439161404231628	-0.0253175052540458	-0.0161375003182168	-0.0563564821820355	-0.0337928212202999	0.0303997711112132	-0.0355782932994094	-0.00609553786731524	0.00371987572926504	0.0328145727688551	-0.00660515977024101	0.0187037549359279	0.00271890295722897	0.0109529567931744	-0.0244265986468581	0.00557466783503294	0.0513598483027939	0.0208645524296645	-0.0343118987636932	-0.00882746613725095	-0.0103436577886144	-0.0418047583935074	0.0117122472849886	0.0221874245296753	-0.000165767170472296	0.0283001704644701	0.0240950031561457	-0.0245224709019788	0.00756261858525366	0.00442146087616893	-0.00609972016272400	-0.00173656504811137	-0.00141826751754847	0.000204603399490207	-0.00289537980933350	0.0124157118818622	-0.00627649958721580	-0.0106121481122621	0.0117486525837009	0.00792424146244381	-0.00101463273324662	-0.00544303704737875	0.00420113223638871	-0.0172631962283229	-0.00303514248806457	-0.00943366981252423	0.00324968625773580	0.00587789886341683	-0.0108913198065271	-0.0113942113316840	-0.00893534132203309	0.0110545314623360	-0.0197219843474598	-0.000543151300827919	0.000194566080751408	0.00435028636010825	0.00156973401961661	0.00225793908238447	-0.00333174774543171	-0.00803751676865426	-0.00357768236455047	-0.00516054150165653	0.0163639235547844	-0.00896754516931148	0.00417808844338691	0.00479120672639539
-2.74032251579465	13.4114537603349	51.3407082749569	-3.28693872642640	-3.04411445689226	-2.11051672617925	-1.01248203311595	-17.1870782871047	11.5781452923298	-4.00571749895191	11.6084003394270	-1.87723361338653	1.17973119151759	1.55529830026485	4.54230201437225	0.848574306229697	5.22221193734182	-0.271316015927417	0.526211641499536	-9.08532406433294	1.65468544660441	5.94083444465294	14.0179531123658	0.313307488052120	9.82910426719344	-8.33874557775783	0.950042755186693	-12.6172522214707	-0.948008965809996	-2.65945100047785	-3.56353628159830	4.51296587325899	-4.86050357997002	-8.90477762860570	13.6057085317672	-1.21498463458384	-3.12584378823640	3.89234922063278	-5.11598582126477	0.204507352755272	3.64840179578250	-0.728123073567552	-1.01871278961762	0.0853431623629701	-0.406311834628685	0.121220938066852	-0.258631876557814	0.123593535264293	0.0290759206642670	0.0266937073008943	-0.0318670638934825	-0.0161905787352472	0.0711205946207085	0.0333660644763554	-0.0324222087356715	-0.0251051451730708	-0.00246867068393321	-0.0827703915587677	-0.107684746994071	0.0505516094912634	-0.0787468792962177	0.0189862450837047	0.0419778090104215	-0.0620128299617005	-0.0474824470443499	0.0499784347028099	-0.0939203302319160	0.0131128289865094	0.00243103801878029	-0.0125026756881040	0.0451733277616174	0.0234564782216136	0.0267469385953419	-0.00724028397980591	-0.0170996168605244	-0.0121902265001236	0.0225663854446770	0.0224447333372862	0.00704083199860684	0.000159442910268359	-0.0171190906304989	-0.00256018503254377	0.0321822011269079	0.0199946845944775	-0.00342524792500502	-0.00803822055663795	-0.00878718902018482	-0.0286389554916398	-0.00973572161240961	-0.0137653688704751	-0.00215664518775936	0.00448414476882941	0.0237704238218664	0.00157577459165639	0.00146063783913238	0.0101305045792022	0.00623845041506052	0.00323840522992374	0.00578178607140885	0.000184074941194801	0.0106312785241734	0.00814598507558931	-0.0115241241451490	0.000226056799750461	0.00919228153089871	-0.00495814157157764	-0.0149334324212041	-0.00523609556314850	0.000568364791817563	-0.00124566968542576	0.00657635933888295	-0.00279954978868094	-0.00158903703615944	-0.0142173476081183	-0.0166046906188526	0.00492056082517970	0.0143358919035320	-0.00571603607810389	-0.00134175455139203	0.00363983665148118
-3.42215984570197	12.5392221711481	47.8535919469942	-3.17103940338511	-2.68007892103604	-2.26234147484167	-1.06937846108072	-16.7289040015891	11.4949917101860	-3.78589599267708	11.4331047637637	-2.35907703890908	1.77627087902829	0.310765845975052	5.45284273031082	1.86777635750561	6.27334985982052	0.806061867176815	-0.0318304311113370	-9.64269121310718	1.86914499105923	4.82887854411488	9.29154537713110	1.67274283744386	13.0288323174305	4.62976255564414	-5.42025654051992	-3.99791596015207	12.5722654849347	-0.812500028993194	-7.37621175050703	4.34541778424343	-2.54243521699725	-13.5167635829330	5.06208771796346	13.5989399530250	-2.65801797771085	5.55852409695744	1.88996449554649	-6.29274744445391	0.206894279495223	-0.863049204391031	-0.789279283175622	0.0850987119823911	-0.0315489795003926	0.492729347189337	-0.277728431368172	0.338245586073284	0.151740574333320	-0.0131861299775643	0.103332470533909	-0.234812448810828	0.0451770215535664	-0.0284294849549178	-0.0932922788013497	-0.0265111446485012	-0.0262237952472846	0.0229199580132774	-0.124118513895980	0.00162646744268448	-0.0964536519406351	-0.0937482927751542	-0.0186110063934148	-0.0471360220584186	-0.0236860771167043	0.0491004953981523	-0.107605880994176	0.0440439800622759	0.0601094373721720	-0.0228615918264813	-0.00461447279131774	0.0199066935552578	0.0178392547687680	-0.0344574871778003	-0.0563487705937223	-0.00611070192793814	0.00330194670756758	0.000436686278949303	0.0207888173832018	0.0110599398647150	0.0112172359781387	0.0218945991874460	0.0444671398692606	-0.00518056405841542	0.0101072760292071	0.00664385479466669	0.00193487634796498	-0.0233080315033505	0.00643905969380724	-0.0243377366433073	-0.0127580142323341	0.000543879137381363	0.0346327495211187	0.000183664747568540	0.00465915368460003	0.0119973039687674	-0.00219869018391860	0.0193241066885001	0.0211660423807488	0.0138789928159737	0.00548153843624608	0.0256267522115238	-0.00527690194633413	-0.00568758876097637	0.0158399906521831	-0.00293270897736673	-0.00343723713679155	-0.0204480929042807	-0.00305075219751524	-0.00851802078703648	-0.00816076085876470	-0.00420025736538910	0.000957009664378841	-0.0124286560452071	-0.0165374630093972	0.0123385987086094	0.0161925591877969	-0.00483697771923866	-0.000223696846266411	0.00629697969461030
-3.39659483157007	11.9287585071498	47.0808109714514	-3.35478297923870	-2.50768255036867	-3.16265702793973	-0.803671920184150	-14.3213296562578	9.83323036135496	-1.84895200350621	9.13892859407040	-1.20661992330830	2.41850549845032	-0.777937872096309	3.91510208675315	1.87000100005557	4.62512989424174	1.39715615249578	-2.60579892259818	-13.7593061684458	2.62511485760880	3.51069797270100	3.68167745426949	1.11570897647421	12.6332371188196	8.80944118332732	-6.43949747524837	7.92717384846968	2.45104945367616	0.498442691273914	-6.32189899902725	0.662461104462647	-0.217638512255544	-12.7311671089714	-3.09044009267757	0.992756847189901	-14.4584810776636	-2.31439704169729	8.73624146817570	-0.464318239723674	-2.05167005870863	-0.783962263549313	-0.527458252576869	-0.268154925096454	-0.317847181939250	0.415953798757760	0.0566941449290247	0.0926321119392355	-0.0468379255527726	0.261683402435920	0.245050282727696	-0.341163552175859	-0.0393135499984244	-0.0860492732409638	-0.0672115515972501	0.0210706262611194	0.00144937140574636	0.0746423998821817	-0.0579637480074769	-0.0190829943223919	-0.136731518644008	-0.159161493980970	-0.0540945068987239	0.0442957293816246	-0.00584003264411769	0.0342660233344160	-0.0235847774759731	0.0187374711073409	0.0424935407163531	-0.0215492441141907	0.0332208719377525	0.00888379262186683	-0.0365864044575516	-0.0387180670950026	-0.0231978255987844	-0.0520836044228756	0.0128938576360613	0.0256949437634444	0.00259582999991341	-0.0272783031568593	-0.0175369543556278	0.0465876669959657	0.0408672548026171	0.0282117063605920	-0.0160819065703480	0.00359120062816506	-0.0163776832447774	-0.0271946110966137	0.000480226302583028	0.00342731649695048	-0.0169258118501544	0.0166559798674935	0.0241882317586564	0.00842566075355383	0.0127829616661676	0.0210071615658200	-0.000516559834462081	0.0199767868105169	0.0188248865987385	-0.0136536256988929	0.0267288014218041	0.0256146069888913	0.0153604547505719	-0.0125544962675347	0.0127394322278546	0.00405911205165655	0.00228245441677936	-0.0203766663636176	-0.0155540111517852	0.00386511136053852	-0.0203545013990580	-0.00843475833845915	0.0102224120178159	-0.0258600652523679	-0.0214998725433793	0.0162809081235708	0.0108000477404896	-0.0118472445671074	-0.00536802376416866	0.000703056806303217
-4.17488125391168	12.9217010571165	51.0124765805445	-4.71819513319119	-2.90034429844216	-4.05410020272818	-1.10653927302482	-15.6980546055922	9.08282836215360	1.10755303034401	7.97965374310330	-1.84237630603882	2.67999626820032	-1.74079843228274	1.39192947265447	1.17293760541031	2.56319111912481	1.83375877548590	-10.7760372954609	-19.3093075713269	3.96000491537872	4.00861503652687	-13.7585278075772	0.889696312740386	7.26781065958142	3.89268344732649	-2.70014397771970	3.43108579813760	3.39121681529743	0.350472418012831	-9.02738838480102	0.612804621251584	1.60628499838323	-11.5275209446090	-7.95520200479941	5.79786981967445	-3.40127640379534	-12.6162725138215	-5.17277291167055	5.64565264245906	-1.53154848929620	-1.06706085834018	-0.608898609997472	-0.419577093673313	0.0420645140756873	0.280663401210630	0.147456324726052	0.130606178043720	-0.0950942050263386	0.300886265837195	0.292868495626918	-0.315127673590050	-0.147114802776066	-0.0949646556690564	0.183262255335078	0.0726993298575035	0.112027865090703	0.0775386900380685	0.0625219309478085	0.104044934959705	-0.0523026352913075	-0.128818303027132	0.00308092302288660	0.0549626040503987	0.0432794661376259	0.0512579755543488	0.0172994086507732	-0.0155538629195445	0.0457952855254618	-0.0396656049079969	0.0354061368874349	0.00182865472292021	-0.0197588010015600	-0.0643393660837808	-0.00738531675216210	-0.0753165147141412	0.0253378685452396	0.0265774880906205	0.00499648785494302	-0.0414120745827016	-0.0205247015352978	0.0688344200603721	0.00640884085725672	-0.00297363887941929	-0.0393438180808399	0.0648709196594413	-0.0656443554963659	-0.0350130350446623	0.00367819748208099	0.00702074904663855	-0.0135239001348746	0.0292922826959389	0.00945804428751179	0.0114897116584647	-0.00455937283180625	0.0316324010826904	0.00322184081870318	0.0357699496914211	-0.000490460481000987	-0.0162168417599700	0.00869905200470633	0.0132503437271278	0.0344566686012710	-0.0163835480951712	0.0308316536157741	0.00235225638449340	-0.000442504859936461	-0.0146975486165382	-0.0293757257150306	0.00832879341372308	0.0116663643743631	-0.00452863054938254	0.0192530906713017	-0.0239569466988113	-0.00610413334133370	0.0278325710065184	-0.0465836838012886	-0.0148661977975196	-0.00482772768768511	-0.0328185967258777
-5.01108540393134	15.5874446417593	61.8462402911957	-5.37160783378415	-1.61954958919982	-3.44935958442201	-2.89722080942872	-19.5635205207433	9.85553069359172	0.630078623221425	5.78617418688316	-2.81499135893190	3.07806590444714	0.616276666629207	-1.64512234590686	0.493933990902147	-0.691832367182724	-0.364500429105168	-31.5562987959734	1.01074360692005	-1.31178836041852	6.14235467508672	-14.7170325068660	0.124954712978874	8.81765148021658	5.34794050901176	-0.682201807946392	0.712982506761349	3.02727610848681	-1.63526500847329	-16.4590525777685	-1.93485077139581	0.605256166367705	-12.2270076828038	-15.3039462644933	-9.06631427105409	8.41412340873186	5.64309356897941	-4.18526638739816	2.09773399715143	-1.37552569899407	-1.05486256753750	-0.521318618436662	-0.204932462806505	-0.188299963324890	0.187645024667641	0.0383635870488774	0.109238633503119	-0.167730664170451	0.301765399443887	0.265085128144402	-0.297982664359619	-0.136943277304189	-0.0163684826822978	0.0104542278786267	0.0570337256211957	0.158583863271690	0.109796554748126	-0.00924962806906141	0.118101690686929	0.0544315296446527	-0.118147487027993	0.109801882593544	0.0244276588283909	0.138620690330757	-0.0357924255004708	0.0655183966782503	0.0129804097269857	0.0206072063949292	-0.0522493057364204	-0.0205025764066446	0.00922655403695541	0.0426476114192842	-0.0240289231682211	-0.109884927865796	-0.0533210562573991	-0.0509147114863514	0.00205295862894478	0.0216828687486473	-0.0737306476537179	0.00417010220150011	0.0403798201677798	-0.00826433911876572	0.0142636348030945	-0.0499346518699754	0.0770159596834817	-0.0747159364064643	-0.0276565983702895	-0.0210081679015026	0.0107095081664808	0.0139708656428232	0.0384300265581576	0.0215632633560838	0.00600588009253201	-0.0321155498232791	0.0589662214677303	0.00596076599677183	0.0520909242502423	-0.0218602333889942	-0.0349001991788290	0.00717536615806571	0.00711157353125278	0.0286270590090907	0.0237823477214874	0.0344095545635469	-0.0345637439922137	-0.00126372017042949	0.0157308450823719	-0.0525773445402496	0.0114294313819169	0.0232021874148912	-0.0363673891705885	0.0232202575849023	-0.0126806194510680	-0.0419174690037039	-0.000111074092519519	-0.00173238337422113	-0.0241606824129801	0.0163777157168709	-0.0440364635757445
-3.39712827151799	14.9287993171558	69.4910369855018	-7.76607982951435	-0.348083449059557	-3.47749328237820	-0.713034760679532	-18.9288350365174	4.47220615872700	-2.83271009011540	3.19007834332135	0.0404389158942054	3.31535915713301	7.50185685283170	0.806022215034601	1.57108071444147	-30.0962087981674	-1.54472484356112	-22.6442055619042	14.7353159444831	-6.22543121824096	0.284526741800882	-6.42511285981968	-0.791100270955240	6.02348673808942	12.8201232476376	9.04917167969447	-3.46885445467430	0.0385361449978536	-0.220704859701052	-28.4331433732622	-9.04105109381963	6.63967664308385	19.9662040336621	2.16886679455096	-0.0291671069750008	-2.14164152979082	4.81331733571293	-1.27013315906219	1.15671183809859	-1.54570131916789	-0.753971640039715	-0.291065491880084	-0.329121858835944	-0.0800330661481027	0.248374782738199	0.0887380750282260	0.130635300463549	-0.285247215243578	0.191802442707593	0.125732673639256	-0.195952714910315	-0.113306404714003	-0.0688709075616143	-0.0390822728122444	0.0125548435268346	0.0984481275004923	0.0414279451870783	-0.169286935170401	0.0883524970077367	0.0468843919709487	-0.107642797116541	0.0763027741814535	-0.0884800239165228	0.155452740645922	-0.0648156009813676	0.123762929822751	0.121171202174941	0.00221213130773069	0.0232676681629689	-0.0519714250853393	0.0391302876560312	0.121752547932752	-0.0181635799965997	-0.0802782800158655	-0.0701533543424577	-0.0348848823017637	0.0687494833953873	0.0111617506875286	-0.0367651112493174	-0.00167948790349346	0.0307999163120981	0.0282091198358406	0.0324072978155451	-0.0499106580380524	0.0212441559130205	-0.0752423662876042	-0.0515606864424545	-0.0323924320413919	0.00874720118403343	0.0358730823643289	0.00549472998359529	-0.00317357337233727	-0.0302060280021714	-0.00161198764577624	0.0333782345151178	-0.00456482848551978	0.0681584865261595	-0.0674035130010001	-0.0134610405622291	-0.0295204570346696	0.0362422584083566	0.0339222609716106	-0.0112788826479102	0.0267957768705717	-0.00338349183179551	-0.00804029655120844	0.0273144423750758	-0.0626544367004992	-0.00691850755602569	0.0194613230672890	0.00774063459078479	-0.0132416376038066	-0.0111080456191199	-0.0214411832996048	-0.00952322326834361	-0.0106445603278646	-0.0159406506271964	0.00868698725507880	-0.0489939090122917
0.368128044675401	13.8373118620755	67.0196647106284	-8.99469042803580	-1.39569327854312	-7.35326011935301	1.70357659992791	-12.4571254870332	-2.34778036174603	-0.296144387403156	-1.15337640344176	10.4185767702460	-5.60853143335316	-7.17575633477096	-11.9181712088323	-8.24446769953440	-36.8388378363819	-0.389878018249321	-5.18232734233857	10.5032188771650	-1.12022548214465	-20.9716403009781	-4.36152530675258	0.933577309853621	1.82174551424496	32.4893269172665	28.2510644469914	-10.9275065721913	-5.30376494007723	-0.405480989079900	15.8875202429190	3.58722290782156	-0.100074077160056	0.881636545492627	1.16310014701005	2.47731891337978	-2.53025429793986	1.95362756143952	-1.39217751687321	1.13094634473050	-1.38514207930032	-0.535134377293880	0.0105231972422644	-0.461425588247131	-0.0307689901877180	0.0455460877603131	0.115040005053778	0.0846819316606712	-0.222927939026817	0.00990338136781207	0.0667761201335004	-0.0624340381210016	-0.136826529988458	-0.00901932685665341	0.0362396006430371	-0.0285069171641577	0.0227419671740750	-0.0333040886056440	-0.0560738149984640	0.0601956183143722	0.0146667174083520	-0.103210917760488	0.0156998287407998	-0.106433738657757	0.0766036830089799	0.0120756079835883	0.0943264212983928	0.147325047735877	-0.000197257712518928	0.118928893738664	0.000906117081723278	-0.0214406171651641	0.0974633581711522	-0.00930045005279457	-0.117083748450551	-0.0626762338831486	-0.00705577835177252	0.0445754220792179	-0.00135997210454724	-0.0439625106717913	-0.00918645235890588	0.0448766204732942	0.0515565134029805	0.0108682061451111	-0.00923231573013414	0.00460716600882691	-0.0502796012563408	-0.0686008222083065	0.00590157076828926	-0.00173775079169234	0.0295488589304344	0.00453771658345444	-0.0280261928688103	-0.0328876715157912	0.0667112640537932	0.0417058752161730	0.0100773709283957	0.0460487884310933	-0.0795193940542584	-0.0174203729371865	-0.0426239235009692	0.0527293535696554	0.00728486697848701	-0.0259648841074226	-0.0316797676986010	0.0175340135087367	0.0143502959602269	0.0118692142505601	-0.0386205497436055	-0.00271912812728774	0.0161338133604559	0.0117391027469301	0.00748262115639236	-0.0283569024404835	-0.00584475265672230	-0.0179118687897521	0.00265337674577435	-0.00191360844855056	-0.0190649399568918	-0.0410898614822486
-0.247494149647113	12.4762610724782	62.0110675829098	-7.56968391954338	-0.384895795016574	-8.67904759857455	0.754475570960980	-9.14559319680164	-7.29133523737427	0.962460757678608	-25.4348822505334	-7.42941586263189	-11.3851857102463	-13.5703393601170	-24.3229453533827	-14.1065182444390	-17.2842643978748	0.955924723049587	6.76360082451371	9.80333584815723	21.1065680590086	-44.0657256103274	-0.491070389722894	34.9203358502772	5.14087066342133	-11.1869101156669	-6.47259473093455	-1.40380495345076	-0.564498328507318	7.07810532704042	2.64355131304139	0.335919190100260	-0.106224972115718	-1.97413823708947	-0.896746260392485	1.00706345666052	-1.59261017761516	1.74349741963791	-1.10985373265964	0.953450237184605	-1.19043837031099	-0.421352567981482	0.230513517442251	-0.363775480171977	-0.00101433222593278	-0.122519231558348	0.0930449507034435	0.0719929495196895	-0.172925653087239	-0.101424935187738	0.0677466600135425	0.0497336640528398	-0.0262132730441846	0.0124742897550258	-0.0163105337873679	-0.0503724186626356	-0.0292315204796898	-0.0544395076174953	0.00353389220760771	0.0423970085257960	0.0178277406631584	-0.0576538488861485	0.00711414610353980	-0.0555573059862837	0.0636071816392730	0.0251453080161885	-0.00664702315243302	0.0287638695550340	0.00405178922108386	0.0924192834582594	0.0271572706888347	-0.0308230489991090	0.0318897927542178	-0.0414235723983767	-0.0748267764952302	-0.0159770433954844	0.0360086701017024	0.0170327730271891	0.0163326965070518	-0.0145199481720027	-0.0173831926921628	0.0259068099033284	0.0174111650925367	0.0134354670870446	-0.00195279597010898	0.00743377135528457	-0.0522045864398688	-0.0777507540442685	0.0338722892268601	-0.0162815410289665	0.0321166314539909	0.0105792738835157	-0.00887512812277212	0.00629261452011191	0.0441813269125420	0.0278594444180410	0.0204851158853256	0.0193097776200626	-0.0475349644469772	-0.000127747025142073	-0.0752647719129340	0.0190195419627726	0.0438589654374194	-0.0453377248768400	-0.0534074035853749	-0.00551381920387300	0.0403597673870625	0.0149771825314718	-0.0159726986307573	-0.00706237069906408	0.00286757516374703	0.0181399619473441	0.0122162962658583	-0.0416834625320639	-0.0229959385024151	-0.00140216192738779	0.0195412011743491	-0.0122395923007006	-0.00347534325396430	-0.0207914936879491
-5.33659436165120	11.8137448039772	50.5960668796711	-6.36210848595195	-2.65786340267459	-8.17035221422989	-3.89847739224328	-3.65511440406787	-13.6659095314848	5.32848164365559	-39.0029740976979	4.88672402051225	-21.1748756181646	19.7547751327527	-11.1293479831172	4.94450983126488	5.58586433512687	3.10162422566374	9.45725878978226	15.5040280082374	57.8391490141619	17.9774811344404	-0.601750097281186	-2.89312030112862	4.17467567949745	-1.19165618331284	-1.02531328844674	-2.40317850541051	-0.532236834564885	7.74375697945912	-0.0520037174333562	-0.554573262149543	0.257685261265596	-0.402399590749610	-0.660956978211390	0.838424543129503	-1.33412078585452	1.34091347900062	-0.970098034506130	0.894302933517430	-0.973954586279301	-0.378069210060942	0.178447394591276	-0.275233110210453	-0.00641570147931987	-0.129947397297060	0.0535642439840915	0.0811040379050675	-0.153458377174016	-0.105956315163362	0.0642108221215389	0.0677412209594720	-0.0347243166691905	0.0732208589353567	-0.0163387294552092	-0.0447577152220318	-0.0376455870815224	-0.00369288158359863	-0.00448624885068305	0.0302661208869650	-0.0589433523138036	-0.0299980502590033	-0.00169009951671682	-0.0153554448084613	0.0348568541223665	-0.0362630390737966	-0.0455461470578121	-0.0278831215783021	0.00342609564882029	0.0494989985904665	0.0152620483497680	0.00196497980202957	0.00543115443153910	-0.0199634631988264	-0.0147412866491523	0.0284132303744990	0.0173383329565661	-0.0181149883195864	0.0148135060633777	-0.000917319197054315	0.00151916539340837	0.0183058668665133	0.00395385397829744	0.0193375928320458	-0.0419253248874209	0.00993723004188957	-0.0228833254978329	-0.0395981086636921	0.00117135127290851	-0.00700575585911672	0.0324988328427391	-0.0209022295710105	0.00224598651146239	-0.00526060741388706	0.0464190168465776	0.0163369085367492	0.0205000928989414	0.0386502660390540	-0.0360968262412715	-0.00834256976376915	-0.0630938839457609	0.0176177012938278	0.0594512161272262	-0.0106498885955541	-0.0377286704346376	-0.0106367007399461	0.0351788064320689	-0.00689815452060831	0.00647079797827983	0.00105442932706195	0.00394926372688381	0.0199191605549726	0.0128098738861380	-0.0354213538466308	-0.0117816510863401	0.0108412345087073	0.0145966929584592	0.000710937150495245	0.0176044747215920	0.00217303307112111
-5.52101004320632	3.60188151139613	28.4100093844093	-4.28188594349369	-1.18700628871738	-1.70753938484764	-2.09515141816031	0.0153110255717128	-3.91398364180693	2.44236363985538	-17.3927677991387	1.38880773091314	-13.3018275147657	1.24410780781333	2.70354539781295	17.3395281931032	8.84188310566103	1.22874862183108	4.56067942965191	5.20859662685124	1.47681120716720	30.1492254296774	-1.19374070217285	23.5136929468782	0.257169797817177	3.17292258734640	3.06589229348132	-1.95836180814979	-1.06750603780757	3.26499050774906	0.908463574368629	-0.0325574398038894	0.0290603880292276	-0.311889500703377	-0.333603713917153	0.573749465694251	-0.913875917569700	1.02476639642350	-0.673899090356455	0.648352687261464	-0.704516780391136	-0.227299198670455	0.0911884775697589	-0.199574405041135	-0.0121773524638652	-0.0959448082369155	0.0302713432482272	0.0835737389341201	-0.125558937468937	-0.0783901485333468	0.0466325803591135	0.0510782115773141	0.0480704805208678	-0.0300648987816473	-0.00684746019397687	-0.0101274003614575	-0.00788421141916408	0.0268782507041593	0.00657242724838954	0.0557170468257357	-0.0317191175551713	-0.0205544266153458	-0.0128973936824693	-0.00320765828625923	-0.0142985298977241	-0.0333570985642268	-0.0226259461166147	0.0150673913495021	0.00439230684225326	0.0246123555198639	0.00794492245606593	0.00149100990006795	0.000200001704554251	-0.00133161288987940	0.00677495802120528	0.0293136620388470	-0.00452176953386423	-0.0144778416046623	0.00993620039488121	-0.00440359054849468	0.00156459669652011	0.000740130236054655	-0.00272661148315924	0.00984587289256488	-0.0452573216973703	0.0215372693074388	-0.0126752507657927	-0.0404829651927467	0.000661572535566391	-0.00905218589168857	0.0271308546000487	-0.00119795676718872	-0.0164458408129328	0.0129777734735897	0.0245624929024022	0.0234540676176367	0.00390800187633776	0.00637144943686858	-0.0289442062037470	-0.00602524511469290	-0.0305773531096965	0.0213178061842232	0.0281456449072973	-0.00417045574122905	-0.0235182560660444	-0.00620880590432643	0.0298716972593096	-0.0193366143963001	0.0165423903489200	0.00789957016852013	0.00491565683096814	0.00642300918820687	0.000369650502812726	-0.0299434949689941	0.0116619955647912	0.00867524272022369	0.00893104413263715	0.0116385623786872	0.00831236597474114	0.0157691330487420
-1.65692828404253	0.716424522510152	10.2557359889519	-2.10727940221693	0.0175984561994175	-0.243833700750800	1.05075704550964	1.32191630481448	-1.55856616884476	0.950317114209534	-4.71918376897835	5.86200309741659	-1.68148629553077	-0.250710744709886	7.80636609629956	3.01600918364714	1.88155717414160	1.55802569271402	2.11605331976922	-0.724311151530242	-10.6319868305739	7.38851784431064	-1.34226375933229	2.64627833604008	4.24456917217867	0.227879119540302	0.236473940693070	-3.35025477517480	-0.400638255856128	12.7095489815213	0.784087112976259	-0.516727386122627	-0.452191133931091	-0.0627794995401909	-0.158067740540757	0.186772752680487	-0.360587380119683	0.471378344297081	-0.284728850269344	0.270161544433243	-0.316741612943832	-0.0719258210423120	0.0620557566460765	-0.0993720137000791	-0.00347889431966128	-0.0651656864504522	0.0143775686964977	0.0641517877592607	-0.0904728778546563	-0.0462090710349486	-0.0351967420941913	-0.0549817076248208	-0.0211652786826176	0.0116077056200284	-0.0183098583318730	-0.0111721692237767	0.0109981591856152	-0.00334393897867948	0.00458075876550152	0.00808354805733120	-0.0171738813178479	0.0161982181028680	-0.00164140137715388	7.12205377699967e-05	-0.0255894776005876	-0.0141467345322780	-0.0104369534657306	0.00614149173236487	0.00532133757965631	0.0173544711921202	-0.00158146429826777	0.00797232648340871	-0.00314505219045154	-0.00456130649559691	0.00704016942980614	0.0214815445439184	-0.0149133549602364	-0.0137097297976737	0.00727852299262600	0.000734781493694104	0.00433209049446218	3.43944497877772e-05	-0.0100527007529775	0.0119614448809381	-0.0260690226710411	0.0129900923100144	-0.00343596376708555	-0.0258476554012514	-0.00287659632687915	0.00116914574055696	0.00206319292843524	-0.00385210404294777	-0.0124369997356830	-0.00211735691039332	0.00630934159874259	0.0110030702002381	0.00122821731451403	-0.00299075891906422	-0.0111357350446250	-0.00656486374436440	-0.0167018518217856	-0.00162929096476743	0.0162788976497647	-0.0148043113734655	-0.0115409324143919	-0.00664833161960920	0.0116938864423475	-0.0105274397430375	0.00402716631781775	0.00718398867914296	-0.000120321426450330	-0.00296197721717488	0.00149898797908749	-0.0152825803895210	0.00644250663018477	0.00634991143252399	-0.000548674735328666	0.00635027515456191	0.00675403934801743	0.00645381948715870